2
1.9999999907992627

3
1.7320283886050187

4
1.6329364703908955

5
1.4141447599832755

6
1.4140810609867807

7
1.1792695979792054

8
1.1725297620993682

9
1.1355798814702331

10
1.0741970801226695

11
0.9800438719750458

12
1.0513640366064467

13
0.9006973020181424

14
0.8908905360985225

15
0.8483941546919783

16
0.8533067244866326

17
0.8467772609748083

18
0.8008346363848767

19
0.7662901934632244

20
0.7834749698026647

21
0.7536429528045001

22
0.7379889202394817

23
0.7081478391893358

24
0.7175230066720635

25
0.6734000922061006

26
0.6647837903775032

27
0.6823633684406498

28
0.6478324924408269

29
0.6238991913929132

30
0.6291696451758235

31
0.6239387647751191

32
0.6402371420501242

33
0.5754286346820237

34
0.5748617345375908

35
0.5705733430505413

36
0.5702273894194817

37
0.5583616213534572

38
0.5710239398063462

39
0.5477281143874797

40
0.5415290694948282

41
0.542541543971628

42
0.5378374695050344

43
0.532858538519564

44
0.5387448118203012

45
0.5133255670302596

46
0.498374306630997

47
0.4920280903362905

48
0.5110760671518099

49
0.48608371483264345

50
0.49435067003720884

51
0.4842686557956457

52
0.48181047949409833

53
0.47062362134152097

54
0.46563550609534976

55
0.4654677094117025

56
0.4565456008280847

57
0.4558583140442686

58
0.45065537247850684

59
0.4513196764634505

60
0.44952808570260583

61
0.4403109580548626

62
0.4423708107115777

63
0.4354690829387102

64
0.42827454559548295

65
0.4222568119566958

66
0.41633502973776665

67
0.4247368067340418

68
0.409287989288999

69
0.41280517551612966

70
0.41129742607541103

71
0.4138984245630148

72
0.39953097199229126

73
0.4005766538397908

74
0.39435370317023577

75
0.3960438226789078

76
0.39325424925485775

77
0.3963439566734092

78
0.386307131627099

79
0.39008311906313103

80
0.3824917029556496

81
0.38347745917422865

82
0.3751079088298663

83
0.3747364540643933

84
0.37024571635362136

85
0.36740022474531914

86
0.3703209968354299

87
0.36422582002071424

88
0.36738704776823644

89
0.36348668650020444

90
0.3657782055184281

91
0.3592433920471405

92
0.3533308163888035

93
0.35216602624235516

94
0.3462345523794678

95
0.34655624187468226

96
0.35845421183554904

97
0.3445568097089845

98
0.34376223874523293

99
0.34923002942978204

100
0.3409853268459092

101
0.34159087513146924

102
0.3377738135494656

103
0.333291291866649

104
0.33225747508343034

105
0.3337198574212254

106
0.33151356642161994

107
0.3289347439574765

108
0.328102857531334

109
0.3210517008628236

110
0.32593845258975146

111
0.32391178524524816

112
0.3212634705075486

113
0.3160463749926367

114
0.31886996320479233

115
0.3183226532674576

116
0.3185597203866491

117
0.319540967373911

118
0.3181465409383117

119
0.30967592528524157

120
0.3082455650150529

121
0.314062189321046

122
0.31059792961457744

123
0.3071155110195095

124
0.30755008171707376

125
0.30117914390444367

126
0.2982007280727691

127
0.3006530278851551

128
0.297704842645092

129
0.29813130292059886

130
0.29967813271184773

131
0.29756220033362424

132
0.2960646052890826

133
0.2949362154674907

134
0.2917924670694598

135
0.29599163867012096

136
0.2901067895540068

137
0.28773721053131723

138
0.2878098165042977

139
0.28832677216798913

140
0.28800862468080074

141
0.28529562577927353

142
0.285995425111859

143
0.28668814081618066

144
0.28298141582040987

145
0.2793805806427545

146
0.27757943073525654

147
0.27457085370470413

148
0.28278977564251123

149
0.28028684737297704

150
0.2743836136590638

151
0.27081646539940935

152
0.27642560731585336

153
0.27653730647542984

154
0.2715578746211326

155
0.27226854444225757

156
0.2680337653172217

157
0.27140987354263313

158
0.27089717504942346

159
0.2704037134469079

160
0.26857829759296536

161
0.2669630314293962

162
0.26619278682053427

163
0.2672116515604281

164
0.26516663551925473

165
0.2588482068409104

166
0.263360412223135

167
0.2590588503472846

168
0.258193987045007

169
0.2526999626436164

170
0.2618414689980818

171
0.25830520274447794

172
0.25840339691761166

173
0.2577414112050299

174
0.25613538732708013

175
0.25442036374195004

176
0.25360838452361967

177
0.25288438314349504

178
0.25100665994031135

179
0.24791075387633832

180
0.2521294234542493

181
0.2529351290765237

182
0.2505398795901697

183
0.24689076571440682

184
0.2465130231401737

185
0.24854154160714909

186
0.24631931357968592

187
0.24365405092477985

188
0.24739282423436715

189
0.24288480011311178

190
0.24091443169484808

191
0.24050709455997027

192
0.24380583155967128

193
0.24359427667688807

194
0.24303582217672423

195
0.24211790434006727

196
0.23984752749275431

197
0.24323919832592808

198
0.2378811397386151

199
0.2408101161229385

200
0.23970380011131917

