2
1.9998083023035822

3
1.7052541527829608

4
1.5441507695860635

5
1.3290988261322598

6
1.1851438248482284

7
1.0897395275567583

8
1.01328461044068

9
0.910350977040674

10
0.8402589006325377

11
0.8288835338397632

12
0.7526834993998007

13
0.7540074352138985

14
0.6910839611409045

15
0.6221438783293676

16
0.640707173339683

17
0.5989542351654542

18
0.5593153787101806

19
0.5376006501602538

20
0.5295090898238618

21
0.5179539701445254

22
0.5198867761544462

23
0.5195158810868701

24
0.4800690316969599

25
0.4837197681761594

26
0.44711715238419136

27
0.4330369841267054

28
0.43459220545209926

29
0.41540002757338096

30
0.4053460232532153

2
1.9999439272932347

3
1.7143129343381618

4
1.5430784964285207

5
1.344640880952712

6
1.192283495412459

7
1.083863935192208

8
1.0090693799312673

9
0.9137506481819849

10
0.8468974116538638

11
0.80971309536501

12
0.7487151311550415

13
0.7126333246955572

14
0.6735254442045353

15
0.67143461060794

16
0.6263428340642627

17
0.6183067486661628

18
0.5708564020236838

19
0.5626497198865882

20
0.5357071568238998

21
0.5445691593869801

22
0.49659601061325853

23
0.4888387680990478

24
0.46774421155711193

25
0.4561400394021426

26
0.4490366758691379

27
0.4293821603400458

28
0.4441909854524018

29
0.4216569132994315

30
0.4398478620015179

2
1.9999800270734727

3
1.7297332944150936

4
1.5901830254128635

5
1.3663434722693237

6
1.3068364320178978

7
1.1755850805555121

8
1.1063405426743307

9
1.0474164227434573

10
0.9940402916977661

11
0.9403280124407002

12
0.8983212352789819

13
0.866175634167619

14
0.8388871540255314

15
0.7997663630428333

16
0.7791419174924838

17
0.7571643378811764

18
0.729876292415009

19
0.7187248387723637

20
0.6941100636432141

21
0.6767987074034878

22
0.6764823332651857

23
0.6522805259598184

24
0.6430746171669774

25
0.6228460045896291

26
0.6135787373300085

27
0.5998576827085065

28
0.587537440329707

29
0.5817065182197203

30
0.5757532041612363

