:2 5 0.1
1.9998106639903463

:3 5 0.1
1.6876327513181335

:4 5 0.1
1.5749864944691845

:5 5 0.1
1.3740894007249382

:6 5 0.1
1.2957245050018709

:7 5 0.1
1.1698717508541638

:8 5 0.1
1.1020790821361082

:9 5 0.1
1.0760625234150558

:10 5 0.1
0.9954756435812473

:11 5 0.1
0.9405917904449571

:12 5 0.1
0.9267924152218457

:13 5 0.1
0.8585338752696506

:14 5 0.1
0.8479305748935739

:15 5 0.1
0.8222460746271207

:16 5 0.1
0.8057320303454681

:17 5 0.1
0.7814218243772113

:18 5 0.1
0.7598572896276142

:19 5 0.1
0.7220608048700347

:20 5 0.1
0.7254656001754759

:21 5 0.1
0.707455158591796

:22 5 0.1
0.6762536307176453

:23 5 0.1
0.6691308844215197

:24 5 0.1
0.6655835766790197

:25 5 0.1
0.6478523617461573

:26 5 0.1
0.6138895687984747

:27 5 0.1
0.6083844510973805

:28 5 0.1
0.5785343245135428

:29 5 0.1
0.5629454558481207

:30 5 0.1
0.5536186599176114

:31 5 0.1
0.539552111200759

:32 5 0.1
0.5408354270288502

:33 5 0.1
0.506243753125057

:34 5 0.1
0.509783492639775

:35 5 0.1
0.5021400756029836

:36 5 0.1
0.483088534037158

:37 5 0.1
0.47292202346241985

:38 5 0.1
0.46528720585345545

:39 5 0.1
0.47440756105429394

:40 5 0.1
0.45208464445330515

:41 5 0.1
0.4458671705746136

:42 5 0.1
0.4354496784825675

:43 5 0.1
0.4183811807489595

:44 5 0.1
0.4162847715782896

:45 5 0.1
0.4160768061738864

:46 5 0.1
0.3995186456861779

:47 5 0.1
0.398807057713173

:48 5 0.1
0.4001724315058663

:49 5 0.1
0.39235819252208337

:50 5 0.1
0.4025355885136936

:2 5 0.01
1.9999400672973238

:3 5 0.01
1.7286649542084973

:4 5 0.01
1.6248869897351101

:5 5 0.01
1.3852306503717395

:6 5 0.01
1.400301922187434

:7 5 0.01
1.1883568634832054

:8 5 0.01
1.1739754050036977

:9 5 0.01
1.1141176672652675

:10 5 0.01
1.0627481280855569

:11 5 0.01
0.9865389278493962

:12 5 0.01
1.0376260876808996

:13 5 0.01
0.8903383855969759

:14 5 0.01
0.8874642011967476

:15 5 0.01
0.845166705066569

:16 5 0.01
0.8450230908880624

:17 5 0.01
0.8370557190687208

:18 5 0.01
0.803461326866194

:19 5 0.01
0.7676447875775271

:20 5 0.01
0.7861878202839381

:21 5 0.01
0.7511934233673343

:22 5 0.01
0.7387014081343396

:23 5 0.01
0.7030831356892664

:24 5 0.01
0.7170806430335207

:25 5 0.01
0.6827596485398524

:26 5 0.01
0.6722593488919357

:27 5 0.01
0.6705059350299725

:28 5 0.01
0.6463205673275648

:29 5 0.01
0.6219151815423475

:30 5 0.01
0.6236794551983477

:31 5 0.01
0.6177675262765746

:32 5 0.01
0.6242200896079059

:33 5 0.01
0.5769597794714109

:34 5 0.01
0.5825312912671518

:35 5 0.01
0.5640309551969956

:36 5 0.01
0.5581728805869963

:37 5 0.01
0.5533597630577908

:38 5 0.01
0.5414534109987595

:39 5 0.01
0.5385295570368889

:40 5 0.01
0.531548440494404

:41 5 0.01
0.5260535374639822

:42 5 0.01
0.5115345570433263

:43 5 0.01
0.5127722321780306

:44 5 0.01
0.5115308492188569

:45 5 0.01
0.5144811327865877

:46 5 0.01
0.4959587976145141

:47 5 0.01
0.4873702995483073

:48 5 0.01
0.4832433463820352

:49 5 0.01
0.4816251688646709

:50 5 0.01
0.46598973608417454

:2 5 0.001
1.9999560877277396

:3 5 0.001
1.7315331308460016

:4 5 0.001
1.6291183697982

:5 5 0.001
1.409033732402073

:6 5 0.001
1.4114411262808637

:7 5 0.001
1.196516382036336

:8 5 0.001
1.1625209159655274

:9 5 0.001
1.122182044328953

:10 5 0.001
1.0575842319601487

:11 5 0.001
0.9834932009660206

:12 5 0.001
1.050056351213516

:13 5 0.001
0.892543666372197

:14 5 0.001
0.8829051401439859

:15 5 0.001
0.8419899305587087

:16 5 0.001
0.8370700503547107

:17 5 0.001
0.84034057225209

:18 5 0.001
0.8009704194100692

:19 5 0.001
0.7606198553541351

:20 5 0.001
0.7861614342557631

:21 5 0.001
0.7499826234786147

:22 5 0.001
0.7409047989116808

:23 5 0.001
0.6950021000535207

:24 5 0.001
0.7098563594587567

:25 5 0.001
0.6793924745494927

:26 5 0.001
0.669956992739257

:27 5 0.001
0.6844791297303566

:28 5 0.001
0.6489180248335558

:29 5 0.001
0.6248920728443428

:30 5 0.001
0.6344577118871715

:31 5 0.001
0.6022758796079662

:32 5 0.001
0.638472383619146

:33 5 0.001
0.5851233536387476

:34 5 0.001
0.5743473174316911

:35 5 0.001
0.5661762742614586

:36 5 0.001
0.5739939983505318

:37 5 0.001
0.5563559587679411

:38 5 0.001
0.5456312755701176

:39 5 0.001
0.5458278126300412

:40 5 0.001
0.5328844545137554

:41 5 0.001
0.5313690690746271

:42 5 0.001
0.5318965801030824

:43 5 0.001
0.5119388280694518

:44 5 0.001
0.5351319563345133

:45 5 0.001
0.5112637862867034

:46 5 0.001
0.5061264775371616

:47 5 0.001
0.4929306470563941

:48 5 0.001
0.4865477269912836

:49 5 0.001
0.48212095566687646

:50 5 0.001
0.472082881120278

:2 5 0.0001
1.9999985416478128

:3 5 0.0001
1.7319853459524814

:4 5 0.0001
1.6327732809490276

:5 5 0.0001
1.4130801022260557

:6 5 0.0001
1.4139080067267102

:7 5 0.0001
1.187419885100412

:8 5 0.0001
1.1697469164797494

:9 5 0.0001
1.1291701786959747

:10 5 0.0001
1.0657169816039629

:11 5 0.0001
0.984671397162563

:12 5 0.0001
1.051325686789429

:13 5 0.0001
0.9118111231155098

:14 5 0.0001
0.8776405331274391

:15 5 0.0001
0.8427767574366606

:16 5 0.0001
0.8413069500938879

:17 5 0.0001
0.8310694732951233

:18 5 0.0001
0.8061891264116389

:19 5 0.0001
0.7731740279221689

:20 5 0.0001
0.7860115169080643

:21 5 0.0001
0.7493369490149062

:22 5 0.0001
0.7418363863112067

:23 5 0.0001
0.6950390068614621

:24 5 0.0001
0.720517525245052

:25 5 0.0001
0.6797849461464135

:26 5 0.0001
0.6698966697289411

:27 5 0.0001
0.6839340880364074

:28 5 0.0001
0.6497924158891711

:29 5 0.0001
0.6254839816118997

:30 5 0.0001
0.6295279783659667

:31 5 0.0001
0.6004634124069036

:32 5 0.0001
0.5875392476151611

:33 5 0.0001
0.5828938053444723

:34 5 0.0001
0.5786687073266091

:35 5 0.0001
0.5664162785783565

:36 5 0.0001
0.5653991403331079

:37 5 0.0001
0.5586666055098698

:38 5 0.0001
0.5668111445292784

:39 5 0.0001
0.5452431084419446

:40 5 0.0001
0.5366621511749056

:41 5 0.0001
0.5418052726624407

:42 5 0.0001
0.5199409168021031

:43 5 0.0001
0.513198991023828

:44 5 0.0001
0.5326745475327087

:45 5 0.0001
0.5187514549891591

:46 5 0.0001
0.5037678730897045

:47 5 0.0001
0.4945988534762582

:48 5 0.0001
0.5053288628959164

:49 5 0.0001
0.484992070255702

:50 5 0.0001
0.46629706928217507

:2 3 0.1
1.9953169509842503

:3 3 0.1
1.7013484017175744

:4 3 0.1
1.5772599518673396

:5 3 0.1
1.360089784537329

:6 3 0.1
1.2399516194027822

:7 3 0.1
1.1397531470782751

:8 3 0.1
1.1070962520884196

:9 3 0.1
1.0352544186058392

:10 3 0.1
0.9996293535100279

:11 3 0.1
0.939674357266069

:12 3 0.1
0.9685005961333034

:13 3 0.1
0.8832486661602587

:14 3 0.1
0.8484634699309238

:15 3 0.1
0.8263297488429108

:16 3 0.1
0.8102426688519775

:17 3 0.1
0.7771775468844321

:18 3 0.1
0.7506188359469906

:19 3 0.1
0.7373104536078324

:20 3 0.1
0.7268475542733719

:21 3 0.1
0.7119705259786054

:22 3 0.1
0.681500136468098

:23 3 0.1
0.6679367539238422

:24 3 0.1
0.669140056242668

:25 3 0.1
0.6387943414686376

:26 3 0.1
0.6121457086688118

:27 3 0.1
0.6196720638282042

:28 3 0.1
0.5835927201164516

:29 3 0.1
0.5629766964097229

:30 3 0.1
0.5629121214601289

:31 3 0.1
0.5489230391688552

:32 3 0.1
0.5314275962573313

:33 3 0.1
0.5217366538589155

:34 3 0.1
0.509000207850947

:35 3 0.1
0.517947484538702

:36 3 0.1
0.5073517154453611

:37 3 0.1
0.4871820812736433

:38 3 0.1
0.47768853898551233

:39 3 0.1
0.4588076937484751

:40 3 0.1
0.45349441565382764

:41 3 0.1
0.44854693349929325

:42 3 0.1
0.44149387832765846

:43 3 0.1
0.460265768964132

:44 3 0.1
0.4413550527725729

:45 3 0.1
0.42944604177109474

:46 3 0.1
0.42591002651912074

:47 3 0.1
0.41859340626229025

:48 3 0.1
0.4040806702154676

:49 3 0.1
0.41963038636738087

:50 3 0.1
0.41852980183168004

:2 3 0.01
1.999785912303147

:3 3 0.01
1.7265687257853157

:4 3 0.01
1.6159554947978323

:5 3 0.01
1.4070558081402398

:6 3 0.01
1.4040490748996424

:7 3 0.01
1.2113699343781532

:8 3 0.01
1.1536454730444727

:9 3 0.01
1.1275468198679648

:10 3 0.01
1.0662012127570006

:11 3 0.01
0.9878363592205505

:12 3 0.01
1.038915811992158

:13 3 0.01
0.9025071584289232

:14 3 0.01
0.8889100462962173

:15 3 0.01
0.8432269187471099

:16 3 0.01
0.8348045332049051

:17 3 0.01
0.8377281097739852

:18 3 0.01
0.8029152744153044

:19 3 0.01
0.7716988013028591

:20 3 0.01
0.7848886530786694

:21 3 0.01
0.7493430458568714

:22 3 0.01
0.7377538964017013

:23 3 0.01
0.7053595314848691

:24 3 0.01
0.716079653401566

:25 3 0.01
0.6852760206541956

:26 3 0.01
0.670236342216508

:27 3 0.01
0.6769866506552714

:28 3 0.01
0.6474083955145166

:29 3 0.01
0.6165693010288341

:30 3 0.01
0.6292880503750945

:31 3 0.01
0.6071844677358381

:32 3 0.01
0.6256120799070175

:33 3 0.01
0.5779223425846134

:34 3 0.01
0.5822893604658842

:35 3 0.01
0.576079339626619

:36 3 0.01
0.5592853696177956

:37 3 0.01
0.5450441844594979

:38 3 0.01
0.5435051292387141

:39 3 0.01
0.5425798859234845

:40 3 0.01
0.5393725541453357

:41 3 0.01
0.5243423291601319

:42 3 0.01
0.5267128523099917

:43 3 0.01
0.5109531612636671

:44 3 0.01
0.5131404812439827

:45 3 0.01
0.5006005869244313

:46 3 0.01
0.4867222687719715

:47 3 0.01
0.48839154317928885

:48 3 0.01
0.47864504090282106

:49 3 0.01
0.47960546970234924

:50 3 0.01
0.4746232971617525

:2 3 0.001
1.9999982901779767

:3 3 0.001
1.7316196028193376

:4 3 0.001
1.6312979845979454

:5 3 0.001
1.4126507217740703

:6 3 0.001
1.4114862566763058

:7 3 0.001
1.1967175864269317

:8 3 0.001
1.1736358929779187

:9 3 0.001
1.1212942336431515

:10 3 0.001
1.0613763033929915

:11 3 0.001
0.985028499671191

:12 3 0.001
1.0501063606646779

:13 3 0.001
0.8959274219812644

:14 3 0.001
0.87235438816425

:15 3 0.001
0.8510510905939342

:16 3 0.001
0.8335181055812207

:17 3 0.001
0.8394486992585933

:18 3 0.001
0.8066577570837167

:19 3 0.001
0.7711712132494509

:20 3 0.001
0.7845434971269573

:21 3 0.001
0.749535752019642

:22 3 0.001
0.7328792466547708

:23 3 0.001
0.6939792405501753

:24 3 0.001
0.7195885317957993

:25 3 0.001
0.6732158401994813

:26 3 0.001
0.6667320917436009

:27 3 0.001
0.6727765519766734

:28 3 0.001
0.6488702793111966

:29 3 0.001
0.6225754928216037

:30 3 0.001
0.6316704147375626

:31 3 0.001
0.6237957797172238

:32 3 0.001
0.5888989510844568

:33 3 0.001
0.5867171602286975

:34 3 0.001
0.5766102773211579

:35 3 0.001
0.5737476084546996

:36 3 0.001
0.5696256919800847

:37 3 0.001
0.5548921742410702

:38 3 0.001
0.5572784574373086

:39 3 0.001
0.5392757515915767

:40 3 0.001
0.5380726223641233

:41 3 0.001
0.5334210777141428

:42 3 0.001
0.5296198001850255

:43 3 0.001
0.5206943355941909

:44 3 0.001
0.5290253991914559

:45 3 0.001
0.5188816704855014

:46 3 0.001
0.49002105810185204

:47 3 0.001
0.4909122848880676

:48 3 0.001
0.49370335085602934

:49 3 0.001
0.4839826919960856

:50 3 0.001
0.4776908417970766

:2 3 0.0001
1.9999999866150924

:3 3 0.0001
1.7320303677281197

:4 3 0.0001
1.632548039783442

:5 3 0.0001
1.4134745478717352

:6 3 0.0001
1.4139730793201017

:7 3 0.0001
1.185141491308802

:8 3 0.0001
1.1576020596032757

:9 3 0.0001
1.1230741739401426

:10 3 0.0001
1.0624458624730602

:11 3 0.0001
0.9856440038566178

:12 3 0.0001
1.0513174879855494

:13 3 0.0001
0.89573604325969

:14 3 0.0001
0.8874698590963966

:15 3 0.0001
0.8512781937453934

:16 3 0.0001
0.8480347922142178

:17 3 0.0001
0.8349689614608348

:18 3 0.0001
0.8065796726177007

:19 3 0.0001
0.7722721451585635

:20 3 0.0001
0.7875244994522945

:21 3 0.0001
0.7489873316323057

:22 3 0.0001
0.7400243031786694

:23 3 0.0001
0.7041388108523375

:24 3 0.0001
0.7136206399515528

:25 3 0.0001
0.6808510176086409

:26 3 0.0001
0.6681465411193962

:27 3 0.0001
0.6712538126982356

:28 3 0.0001
0.6488821424553817

:29 3 0.0001
0.6249855227464224

:30 3 0.0001
0.6323306967205661

:31 3 0.0001
0.6244120845035612

:32 3 0.0001
0.6394083953426529

:33 3 0.0001
0.5891146923097744

:34 3 0.0001
0.581168477510282

:35 3 0.0001
0.5655469871777835

:36 3 0.0001
0.5718423868328333

:37 3 0.0001
0.5528003875621426

:38 3 0.0001
0.5545147536667111

:39 3 0.0001
0.547379182636578

:40 3 0.0001
0.5427981313427003

:41 3 0.0001
0.5382049929408487

:42 3 0.0001
0.5240436407474326

:43 3 0.0001
0.5312637507039765

:44 3 0.0001
0.5117001670911677

:45 3 0.0001
0.5138802424984289

:46 3 0.0001
0.5022062171303859

:47 3 0.0001
0.4931338781119831

:48 3 0.0001
0.49539750297033985

:49 3 0.0001
0.48286038759959027

:50 3 0.0001
0.47890080170290866

:2 2 0.1
1.999889071979639

:3 2 0.1
1.7194171122767639

:4 2 0.1
1.584669982007278

:5 2 0.1
1.3666110741804571

:6 2 0.1
1.3044149154735523

:7 2 0.1
1.1594585487544844

:8 2 0.1
1.1136159125238712

:9 2 0.1
1.0626674424492506

:10 2 0.1
1.0330712472587364

:11 2 0.1
0.9509442648734309

:12 2 0.1
0.9513674236220223

:13 2 0.1
0.8757787911699059

:14 2 0.1
0.8439048347737396

:15 2 0.1
0.8252789490004292

:16 2 0.1
0.7958747243456803

:17 2 0.1
0.7946506795937148

:18 2 0.1
0.757874922219221

:19 2 0.1
0.7271821056886046

:20 2 0.1
0.7224036076853592

:21 2 0.1
0.7161354264565745

:22 2 0.1
0.7015610246860562

:23 2 0.1
0.6634447515378379

:24 2 0.1
0.6670997011889295

:25 2 0.1
0.6370554662910898

:26 2 0.1
0.6289360645480832

:27 2 0.1
0.6190357101190409

:28 2 0.1
0.5956785372619441

:29 2 0.1
0.5844958435597414

:30 2 0.1
0.5435707898805078

:31 2 0.1
0.5597077058551659

:32 2 0.1
0.5427887152276917

:33 2 0.1
0.5384250411088508

:34 2 0.1
0.5291099356480463

:35 2 0.1
0.5046664181569672

:36 2 0.1
0.49468147934242107

:37 2 0.1
0.5028384925992185

:38 2 0.1
0.49655362967014055

:39 2 0.1
0.4841297373689269

:40 2 0.1
0.47322458135439643

:41 2 0.1
0.47771857293206127

:42 2 0.1
0.4460540169696909

:43 2 0.1
0.4612010610357129

:44 2 0.1
0.4670478945143249

:45 2 0.1
0.452120364729275

:46 2 0.1
0.43428823747421413

:47 2 0.1
0.4329525841758557

:48 2 0.1
0.4206427542954976

:49 2 0.1
0.43323339264721256

:50 2 0.1
0.4204884959470405

:2 2 0.01
1.9999901749223643

:3 2 0.01
1.7312287483158126

:4 2 0.01
1.629703234971646

:5 2 0.01
1.4032128565109045

:6 2 0.01
1.3933458273959631

:7 2 0.01
1.196943315118882

:8 2 0.01
1.1739115241225906

:9 2 0.01
1.12333848231829

:10 2 0.01
1.057981188215865

:11 2 0.01
0.9636697092890372

:12 2 0.01
1.0410288663534437

:13 2 0.01
0.8938865267435229

:14 2 0.01
0.887408024742811

:15 2 0.01
0.8534779033890233

:16 2 0.01
0.8411772795294996

:17 2 0.01
0.8380277607262231

:18 2 0.01
0.8036016869362131

:19 2 0.01
0.7711155405886925

:20 2 0.01
0.7824722570248616

:21 2 0.01
0.7486979471671443

:22 2 0.01
0.7264326520943679

:23 2 0.01
0.705984418415956

:24 2 0.01
0.7152057181430994

:25 2 0.01
0.6819082546285714

:26 2 0.01
0.6706874508415946

:27 2 0.01
0.6710522434935967

:28 2 0.01
0.6465614407606766

:29 2 0.01
0.6248725613359102

:30 2 0.01
0.6273792657670582

:31 2 0.01
0.6182184233061504

:32 2 0.01
0.6305042942122524

:33 2 0.01
0.5850306770592545

:34 2 0.01
0.5828318219039859

:35 2 0.01
0.5690961963410515

:36 2 0.01
0.5704046313167016

:37 2 0.01
0.5580154796660536

:38 2 0.01
0.5395176894938685

:39 2 0.01
0.5380754093822596

:40 2 0.01
0.5364698615146808

:41 2 0.01
0.5330523275821702

:42 2 0.01
0.5283571530562955

:43 2 0.01
0.5025832699804125

:44 2 0.01
0.5133515033648255

:45 2 0.01
0.5076198803127216

:46 2 0.01
0.5005683395124948

:47 2 0.01
0.48927738285796957

:48 2 0.01
0.4859260394330942

:49 2 0.01
0.48378588385298116

:50 2 0.01
0.47002156104127885

:2 2 0.001
1.9999976872847507

:3 2 0.001
1.731412606443814

:4 2 0.001
1.630903286233776

:5 2 0.001
1.4130363206959429

:6 2 0.001
1.4120480146955667

:7 2 0.001
1.1984775302580657

:8 2 0.001
1.1701168308561185

:9 2 0.001
1.1219134083702902

:10 2 0.001
1.0592462172058084

:11 2 0.001
0.9847742432234456

:12 2 0.001
1.0500515428935995

:13 2 0.001
0.9060502754321965

:14 2 0.001
0.885980466869173

:15 2 0.001
0.8425867462902219

:16 2 0.001
0.8296130870371101

:17 2 0.001
0.8443008319821358

:18 2 0.001
0.8035789106135195

:19 2 0.001
0.7628259576497823

:20 2 0.001
0.7840953148203148

:21 2 0.001
0.7475228994668891

:22 2 0.001
0.7407079282124976

:23 2 0.001
0.7045522711027307

:24 2 0.001
0.716338642115319

:25 2 0.001
0.6849963364118717

:26 2 0.001
0.6713400524766002

:27 2 0.001
0.6718681273777477

:28 2 0.001
0.6476821806464151

:29 2 0.001
0.622107752099254

:30 2 0.001
0.6334112649713934

:31 2 0.001
0.6213331977049042

:32 2 0.001
0.6184081293674475

:33 2 0.001
0.582819517397511

:34 2 0.001
0.5785013926135436

:35 2 0.001
0.5748457705127449

:36 2 0.001
0.5715152223581746

:37 2 0.001
0.5590778305964148

:38 2 0.001
0.548778724810241

:39 2 0.001
0.5477227677548393

:40 2 0.001
0.5452665479047671

:41 2 0.001
0.5392803254711497

:42 2 0.001
0.5186857604163176

:43 2 0.001
0.5080688284238867

:44 2 0.001
0.533008115300497

:45 2 0.001
0.5142885240265119

:46 2 0.001
0.5011736054924631

:47 2 0.001
0.49237785143829726

:48 2 0.001
0.4883138630728679

:49 2 0.001
0.4894912505535447

:50 2 0.001
0.48036326731886686

:2 2 0.0001
1.9999999623839972

:3 2 0.0001
1.731969248096931

:4 2 0.0001
1.6329165618868704

:5 2 0.0001
1.4124397485423332

:6 2 0.0001
1.4139473429546714

:7 2 0.0001
1.199336306808253

:8 2 0.0001
1.1533511682470594

:9 2 0.0001
1.1341669468125615

:10 2 0.0001
1.0567930162455828

:11 2 0.0001
0.9863383681158795

:12 2 0.0001
1.05133788336432

:13 2 0.0001
0.8965808454182581

:14 2 0.0001
0.8930580418228501

:15 2 0.0001
0.8406528251372936

:16 2 0.0001
0.8274489385009606

:17 2 0.0001
0.84128074871712

:18 2 0.0001
0.8065450499524247

:19 2 0.0001
0.7708115536598802

:20 2 0.0001
0.7847578484424201

:21 2 0.0001
0.7499534800212174

:22 2 0.0001
0.7398282275970148

:23 2 0.0001
0.6989813066271919

:24 2 0.0001
0.7196861202400063

:25 2 0.0001
0.6823259282476117

:26 2 0.0001
0.6693349221873302

:27 2 0.0001
0.6715251352711151

:28 2 0.0001
0.6490677860664631

:29 2 0.0001
0.6258254786834511

:30 2 0.0001
0.6321035519765535

:31 2 0.0001
0.6213252378423646

:32 2 0.0001
0.6405229904510756

:33 2 0.0001
0.5793014215926494

:34 2 0.0001
0.5685725526075115

:35 2 0.0001
0.5724361063690212

:36 2 0.0001
0.5767835254123781

:37 2 0.0001
0.5577466452026426

:38 2 0.0001
0.5496215138136721

:39 2 0.0001
0.5288386728663316

:40 2 0.0001
0.5282094616803125

:41 2 0.0001
0.543345989883831

:42 2 0.0001
0.5358697030526816

:43 2 0.0001
0.5227195137470354

:44 2 0.0001
0.5087071600475187

:45 2 0.0001
0.5069022835793965

:46 2 0.0001
0.49572334266323387

:47 2 0.0001
0.49034329016212025

:48 2 0.0001
0.49085628160505657

:49 2 0.0001
0.4832740437944661

:50 2 0.0001
0.48715558198870884

:2 1 0.1
1.9998696920088028

:3 1 0.1
1.7123224827470906

:4 1 0.1
1.5785591710920075

:5 1 0.1
1.3638864566252475

:6 1 0.1
1.3464585765071033

:7 1 0.1
1.1867128162947118

:8 1 0.1
1.1178062416541168

:9 1 0.1
1.0652682239628242

:10 1 0.1
0.9932929991472256

:11 1 0.1
0.9468689451390283

:12 1 0.1
0.9707682738961858

:13 1 0.1
0.8835886799893539

:14 1 0.1
0.8512974909212829

:15 1 0.1
0.8450457880859576

:16 1 0.1
0.8081823709685919

:17 1 0.1
0.7774825121429458

:18 1 0.1
0.7638270716479657

:19 1 0.1
0.7289169148095818

:20 1 0.1
0.7202135213866784

:21 1 0.1
0.7088963629188975

:22 1 0.1
0.6907191134719914

:23 1 0.1
0.6727492227520419

:24 1 0.1
0.6734645468613069

:25 1 0.1
0.6429163649052311

:26 1 0.1
0.6273243983920894

:27 1 0.1
0.6158651387372251

:28 1 0.1
0.608455607275011

:29 1 0.1
0.5983261082780716

:30 1 0.1
0.5749610625779146

:31 1 0.1
0.5655661348552388

:32 1 0.1
0.547410077963899

:33 1 0.1
0.5496838654480677

:34 1 0.1
0.5336670589023579

:35 1 0.1
0.5350490143094214

:36 1 0.1
0.5148026207992905

:37 1 0.1
0.5094471250429422

:38 1 0.1
0.4978080094637687

:39 1 0.1
0.4958781803727579

:40 1 0.1
0.4894935455837475

:41 1 0.1
0.47123360628072136

:42 1 0.1
0.47303512254197067

:43 1 0.1
0.46905084487181287

:44 1 0.1
0.46794578165160167

:45 1 0.1
0.466471548423308

:46 1 0.1
0.4557230528785408

:47 1 0.1
0.4504408619438956

:48 1 0.1
0.4429882302266932

:49 1 0.1
0.43589772904322444

:50 1 0.1
0.4423826689787636

:2 1 0.01
1.9999261229080707

:3 1 0.01
1.7308768953875162

:4 1 0.01
1.6279885002803187

:5 1 0.01
1.4074940575857096

:6 1 0.01
1.4053108862115187

:7 1 0.01
1.1910679766155896

:8 1 0.01
1.1626007179733218

:9 1 0.01
1.11789001742623

:10 1 0.01
1.0668334729460394

:11 1 0.01
0.9846482127140842

:12 1 0.01
1.0426849281565722

:13 1 0.01
0.8998164800493561

:14 1 0.01
0.8878400477867111

:15 1 0.01
0.8470192733180099

:16 1 0.01
0.8421808430870442

:17 1 0.01
0.8415694846428514

:18 1 0.01
0.802751386275323

:19 1 0.01
0.7704407705413389

:20 1 0.01
0.7873779569752277

:21 1 0.01
0.752658569619626

:22 1 0.01
0.7373263591815866

:23 1 0.01
0.6978074341318333

:24 1 0.01
0.714703831828508

:25 1 0.01
0.6824132228432881

:26 1 0.01
0.6685715409968811

:27 1 0.01
0.6784092742812936

:28 1 0.01
0.6445448651641561

:29 1 0.01
0.6252558178173536

:30 1 0.01
0.6265307271333357

:31 1 0.01
0.6176008776345161

:32 1 0.01
0.6281907216215564

:33 1 0.01
0.5869249730352067

:34 1 0.01
0.5748081501641532

:35 1 0.01
0.5751707177485476

:36 1 0.01
0.5643709613604945

:37 1 0.01
0.5559040962917329

:38 1 0.01
0.5478144954360957

:39 1 0.01
0.5421075989017573

:40 1 0.01
0.5352942878307795

:41 1 0.01
0.5349271324141598

:42 1 0.01
0.5210505507129576

:43 1 0.01
0.5091235262138762

:44 1 0.01
0.5164372109210805

:45 1 0.01
0.5124723078844355

:46 1 0.01
0.4970747018820496

:47 1 0.01
0.4907548949029936

:48 1 0.01
0.49773415440135427

:49 1 0.01
0.4832901649124344

:50 1 0.01
0.4814949170943698

:2 1 0.001
1.9999947620620275

:3 1 0.001
1.7316365463932557

:4 1 0.001
1.6319524486826913

:5 1 0.001
1.4126578727607695

:6 1 0.001
1.4114068889908242

:7 1 0.001
1.190276920068678

:8 1 0.001
1.1761959648964184

:9 1 0.001
1.133433697224596

:10 1 0.001
1.0592408114185314

:11 1 0.001
0.9833603790597093

:12 1 0.001
1.050166723256819

:13 1 0.001
0.8996754005689681

:14 1 0.001
0.8930064517761225

:15 1 0.001
0.836924454674152

:16 1 0.001
0.8363020860349436

:17 1 0.001
0.841847152179528

:18 1 0.001
0.8072406019380698

:19 1 0.001
0.7601772942572472

:20 1 0.001
0.7845023345066401

:21 1 0.001
0.750800744201706

:22 1 0.001
0.7403232535178064

:23 1 0.001
0.6907414101281653

:24 1 0.001
0.7191230085887755

:25 1 0.001
0.6790988311784711

:26 1 0.001
0.668067044770571

:27 1 0.001
0.6790678596662767

:28 1 0.001
0.6497069640120011

:29 1 0.001
0.6267273141644848

:30 1 0.001
0.6308214344689764

:31 1 0.001
0.621787542431338

:32 1 0.001
0.6382988179764528

:33 1 0.001
0.5757363565302419

:34 1 0.001
0.577623414507637

:35 1 0.001
0.563812700190668

:36 1 0.001
0.5598600374686249

:37 1 0.001
0.5565335914116104

:38 1 0.001
0.5544391605355389

:39 1 0.001
0.5416343293859595

:40 1 0.001
0.5353088702246714

:41 1 0.001
0.5368611288382616

:42 1 0.001
0.5285372415432884

:43 1 0.001
0.5313264308571757

:44 1 0.001
0.5289432892658733

:45 1 0.001
0.5129592154471392

:46 1 0.001
0.4997020105306298

:47 1 0.001
0.48257331401191556

:48 1 0.001
0.48147481690683414

:49 1 0.001
0.48301096605005633

:50 1 0.001
0.4799337826436136

:2 1 0.0001
1.9999998926525702

:3 1 0.0001
1.7319955594327379

:4 1 0.0001
1.6328190528692696

:5 1 0.0001
1.4071465038830342

:6 1 0.0001
1.4139407469721663

:7 1 0.0001
1.184734925161582

:8 1 0.0001
1.1699054494545076

:9 1 0.0001
1.1292959974498815

:10 1 0.0001
1.0612087294004902

:11 1 0.0001
0.9829056882036763

:12 1 0.0001
1.0513023007233815

:13 1 0.0001
0.9103207249648023

:14 1 0.0001
0.8917215392562472

:15 1 0.0001
0.8418068857889828

:16 1 0.0001
0.831113127123798

:17 1 0.0001
0.8391795305093149

:18 1 0.0001
0.8006201270281715

:19 1 0.0001
0.7692652835601893

:20 1 0.0001
0.7847121471464457

:21 1 0.0001
0.7463737610964934

:22 1 0.0001
0.7392792645391139

:23 1 0.0001
0.6990550847755407

:24 1 0.0001
0.7180874422269499

:25 1 0.0001
0.6809048367098341

:26 1 0.0001
0.669034291742289

:27 1 0.0001
0.6828388487262419

:28 1 0.0001
0.6500968149586976

:29 1 0.0001
0.6241504436736186

:30 1 0.0001
0.6309414378008019

:31 1 0.0001
0.6247065479586907

:32 1 0.0001
0.6395741323745302

:33 1 0.0001
0.5755152460497437

:34 1 0.0001
0.5763799368309805

:35 1 0.0001
0.569144850097639

:36 1 0.0001
0.5621393290345106

:37 1 0.0001
0.5607318951546472

:38 1 0.0001
0.5529644849660877

:39 1 0.0001
0.5306573368606816

:40 1 0.0001
0.5380697149132313

:41 1 0.0001
0.5396772138386136

:42 1 0.0001
0.5244816335004907

:43 1 0.0001
0.5068889205271853

:44 1 0.0001
0.49632568531731347

:45 1 0.0001
0.5105065438075364

:46 1 0.0001
0.49682482642832176

:47 1 0.0001
0.4924974684541619

:48 1 0.0001
0.48838139663956087

:49 1 0.0001
0.48456449787154243

:50 1 0.0001
0.4779802959092789

