:2 5 0.1
1.9991208966482337

:3 5 0.1
1.7140070638601985

:4 5 0.1
1.5260198132740328

:5 5 0.1
1.357732296717554

:6 5 0.1
1.2561704993278848

:7 5 0.1
1.1552018926127579

:8 5 0.1
1.0978839561067828

:9 5 0.1
1.0508787498754673

:10 5 0.1
0.9910076311013573

:11 5 0.1
0.9548615168123323

:12 5 0.1
0.9541649413501286

:13 5 0.1
0.8938152310707014

:14 5 0.1
0.8591824045969433

:15 5 0.1
0.8002232135787987

:16 5 0.1
0.8102059849022503

:17 5 0.1
0.7828748087607317

:18 5 0.1
0.7629782951064907

:19 5 0.1
0.717255376391142

:20 5 0.1
0.7265149501773228

:21 5 0.1
0.6950587559279819

:22 5 0.1
0.6828929229837959

:23 5 0.1
0.6806172491020149

:24 5 0.1
0.6734413651635291

:25 5 0.1
0.6329611844815456

:26 5 0.1
0.6101579560303739

:27 5 0.1
0.6040211565602842

:28 5 0.1
0.5784573157456724

:29 5 0.1
0.5472536009626496

:30 5 0.1
0.5522096717864623

:31 5 0.1
0.5453204661559846

:32 5 0.1
0.5174390589103947

:33 5 0.1
0.5233390975736136

:34 5 0.1
0.5055502345596997

:35 5 0.1
0.4831858662127282

:36 5 0.1
0.483872189416781

:37 5 0.1
0.4865700209940913

:38 5 0.1
0.4709711040826117

:39 5 0.1
0.482190638555206

:40 5 0.1
0.44690745450547453

:41 5 0.1
0.4400970884584236

:42 5 0.1
0.42206352517060136

:43 5 0.1
0.41681418782904384

:44 5 0.1
0.43871967953197016

:45 5 0.1
0.41182898856063055

:46 5 0.1
0.42067542368258487

:47 5 0.1
0.4066809032635634

:48 5 0.1
0.3916182658518132

:49 5 0.1
0.3904139477945203

:50 5 0.1
0.38654127786730647

:2 5 0.01
1.9998282897622641

:3 5 0.01
1.730698280004262

:4 5 0.01
1.6235434974297043

:5 5 0.01
1.3909267242206917

:6 5 0.01
1.3906827946215063

:7 5 0.01
1.193111321190685

:8 5 0.01
1.1585999391132036

:9 5 0.01
1.1212416625007178

:10 5 0.01
1.0577233569172901

:11 5 0.01
0.9854471502983914

:12 5 0.01
1.0394249353410674

:13 5 0.01
0.8955281927401523

:14 5 0.01
0.8755049822761856

:15 5 0.01
0.8511515587224738

:16 5 0.01
0.8410258469165238

:17 5 0.01
0.8313531162469902

:18 5 0.01
0.8037516196056659

:19 5 0.01
0.7711067954187576

:20 5 0.01
0.7792189122569879

:21 5 0.01
0.7530334787392349

:22 5 0.01
0.7381491508487407

:23 5 0.01
0.7059857708925893

:24 5 0.01
0.712302423312753

:25 5 0.01
0.6802020060288791

:26 5 0.01
0.6705450868550562

:27 5 0.01
0.6762567890111403

:28 5 0.01
0.6470285678029207

:29 5 0.01
0.621532609784186

:30 5 0.01
0.6135291308348979

:31 5 0.01
0.611066862522461

:32 5 0.01
0.6100496442157869

:33 5 0.01
0.588101556396734

:34 5 0.01
0.5764302203188196

:35 5 0.01
0.5737864319929311

:36 5 0.01
0.565803041906115

:37 5 0.01
0.5598249005438892

:38 5 0.01
0.5377743362682548

:39 5 0.01
0.5390785790735091

:40 5 0.01
0.5375036255767356

:41 5 0.01
0.5321530634444577

:42 5 0.01
0.5278941776387828

:43 5 0.01
0.5173022174600009

:44 5 0.01
0.5215502850492294

:45 5 0.01
0.4997660914572614

:46 5 0.01
0.499200030596791

:47 5 0.01
0.4894617131996383

:48 5 0.01
0.4840351526826941

:49 5 0.01
0.4792726239045677

:50 5 0.01
0.4739979952659365

:2 5 0.001
1.9999992532211026

:3 5 0.001
1.7319162947627411

:4 5 0.001
1.6307993116586534

:5 5 0.001
1.4132079729541978

:6 5 0.001
1.4128626866209373

:7 5 0.001
1.1813614548757359

:8 5 0.001
1.1742148458219381

:9 5 0.001
1.132168832572591

:10 5 0.001
1.0596284030067877

:11 5 0.001
0.9849281359018702

:12 5 0.001
1.050039537591498

:13 5 0.001
0.8940905700157428

:14 5 0.001
0.892458761922074

:15 5 0.001
0.840643554232761

:16 5 0.001
0.8381416185154249

:17 5 0.001
0.8441702195181294

:18 5 0.001
0.8003849759197764

:19 5 0.001
0.7646440046169598

:20 5 0.001
0.7878599555289608

:21 5 0.001
0.7462030947948967

:22 5 0.001
0.7382423859192166

:23 5 0.001
0.70600580407458

:24 5 0.001
0.7202376581348123

:25 5 0.001
0.6814713408168144

:26 5 0.001
0.6708856102744165

:27 5 0.001
0.6710392758680687

:28 5 0.001
0.6483004893259602

:29 5 0.001
0.6242518551739227

:30 5 0.001
0.6302105853954719

:31 5 0.001
0.6237880509470421

:32 5 0.001
0.5862961741668404

:33 5 0.001
0.5811810556473326

:34 5 0.001
0.5750758708273799

:35 5 0.001
0.5758859023792872

:36 5 0.001
0.5666827879378281

:37 5 0.001
0.5553837313335049

:38 5 0.001
0.5403189177775384

:39 5 0.001
0.5182156764878301

:40 5 0.001
0.5446263568647245

:41 5 0.001
0.5337952596808464

:42 5 0.001
0.5275634163761954

:43 5 0.001
0.5288729734940854

:44 5 0.001
0.5172203018887089

:45 5 0.001
0.5121004489575175

:46 5 0.001
0.4985235367122643

:47 5 0.001
0.4918466657048533

:48 5 0.001
0.5066520926803483

:49 5 0.001
0.4855345237672355

:50 5 0.001
0.484298881880684

:2 5 0.0001
1.9999975454570293

:3 5 0.0001
1.7320268812889923

:4 5 0.0001
1.6328677464862322

:5 5 0.0001
1.3916611322330634

:6 5 0.0001
1.4139846933448423

:7 5 0.0001
1.1884573837097911

:8 5 0.0001
1.1656067481660457

:9 5 0.0001
1.1312852406972371

:10 5 0.0001
1.0573204718432498

:11 5 0.0001
0.9833948665557588

:12 5 0.0001
1.051348689423987

:13 5 0.0001
0.8875173415353427

:14 5 0.0001
0.8876725883162809

:15 5 0.0001
0.8364919917895889

:16 5 0.0001
0.8433445879060592

:17 5 0.0001
0.8328544055763905

:18 5 0.0001
0.8019050377572885

:19 5 0.0001
0.7721142336241903

:20 5 0.0001
0.7835702777442827

:21 5 0.0001
0.7467115835945317

:22 5 0.0001
0.7391574981711563

:23 5 0.0001
0.6902004765802078

:24 5 0.0001
0.7148365042486385

:25 5 0.0001
0.6805834074918033

:26 5 0.0001
0.6706671818736579

:27 5 0.0001
0.670579711379942

:28 5 0.0001
0.6500122254448589

:29 5 0.0001
0.6246079506633507

:30 5 0.0001
0.6328033037154998

:31 5 0.0001
0.6161588674967179

:32 5 0.0001
0.6403912666524468

:33 5 0.0001
0.5933258242106823

:34 5 0.0001
0.5736675033373629

:35 5 0.0001
0.5727831329516423

:36 5 0.0001
0.5586026205290201

:37 5 0.0001
0.5564773457684268

:38 5 0.0001
0.5493231860788254

:39 5 0.0001
0.5382023145499529

:40 5 0.0001
0.5417105119215526

:41 5 0.0001
0.5329194934136889

:42 5 0.0001
0.5174215123842668

:43 5 0.0001
0.5212347776077678

:44 5 0.0001
0.5145623816783506

:45 5 0.0001
0.5044785773215751

:46 5 0.0001
0.5052973758717897

:47 5 0.0001
0.48477195113117416

:48 5 0.0001
0.5086165699834656

:49 5 0.0001
0.48826049750599937

:50 5 0.0001
0.4778871153761397

:2 3 0.1
1.99905132844334

:3 3 0.1
1.6818925117206092

:4 3 0.1
1.5938241420552084

:5 3 0.1
1.3796848860006339

:6 3 0.1
1.2992925311771235

:7 3 0.1
1.1905482286605025

:8 3 0.1
1.0770427298203689

:9 3 0.1
1.0636854720876723

:10 3 0.1
0.9978238927484245

:11 3 0.1
0.9269825618243573

:12 3 0.1
0.963564236180388

:13 3 0.1
0.8798398156628564

:14 3 0.1
0.8395283995124236

:15 3 0.1
0.8330559767789806

:16 3 0.1
0.8091276033025978

:17 3 0.1
0.7948712201301752

:18 3 0.1
0.7535302097130891

:19 3 0.1
0.7296306443807273

:20 3 0.1
0.7123745156341453

:21 3 0.1
0.7069542026664902

:22 3 0.1
0.69128976880761

:23 3 0.1
0.670226829463387

:24 3 0.1
0.6696665304333149

:25 3 0.1
0.6437504704290873

:26 3 0.1
0.620838592884987

:27 3 0.1
0.621021798769569

:28 3 0.1
0.5981491746979255

:29 3 0.1
0.5675109609230539

:30 3 0.1
0.5726488152540654

:31 3 0.1
0.5530560716423811

:32 3 0.1
0.5523143882022129

:33 3 0.1
0.5169230324627708

:34 3 0.1
0.5244488281776917

:35 3 0.1
0.5220633271279416

:36 3 0.1
0.49396468149379164

:37 3 0.1
0.4739923716889913

:38 3 0.1
0.4775878386036021

:39 3 0.1
0.4832546990485038

:40 3 0.1
0.4661652471620062

:41 3 0.1
0.44061097021866774

:42 3 0.1
0.4556393937302487

:43 3 0.1
0.4354820583672016

:44 3 0.1
0.433805487783991

:45 3 0.1
0.43057615365496393

:46 3 0.1
0.4380582898440096

:47 3 0.1
0.4262049195975552

:48 3 0.1
0.40741372898406686

:49 3 0.1
0.419235092608036

:50 3 0.1
0.4072343291176335

:2 3 0.01
1.9999210631506248

:3 3 0.01
1.7265761623451379

:4 3 0.01
1.62630965906716

:5 3 0.01
1.4008922416609106

:6 3 0.01
1.3927490222614554

:7 3 0.01
1.1964851052795948

:8 3 0.01
1.151268697163329

:9 3 0.01
1.1191733045689238

:10 3 0.01
1.053827138089747

:11 3 0.01
0.9830124348975606

:12 3 0.01
1.0404587877634721

:13 3 0.01
0.9013731563795518

:14 3 0.01
0.889497161961994

:15 3 0.01
0.8403220324972924

:16 3 0.01
0.8461235724757742

:17 3 0.01
0.8317220584690151

:18 3 0.01
0.8022195338588104

:19 3 0.01
0.7681575640800457

:20 3 0.01
0.771924926534619

:21 3 0.01
0.752070585418298

:22 3 0.01
0.7381399433483802

:23 3 0.01
0.7048692445047361

:24 3 0.01
0.7146774114082751

:25 3 0.01
0.6845103129452487

:26 3 0.01
0.6724170666592958

:27 3 0.01
0.6774559771185137

:28 3 0.01
0.6469339014956433

:29 3 0.01
0.6200756915103327

:30 3 0.01
0.6285867609375757

:31 3 0.01
0.6163951231776558

:32 3 0.01
0.6276313598739589

:33 3 0.01
0.5785406454411868

:34 3 0.01
0.5805979973146292

:35 3 0.01
0.5693999807962726

:36 3 0.01
0.5633532650269805

:37 3 0.01
0.5528464432045266

:38 3 0.01
0.5541532377059059

:39 3 0.01
0.5408029909603523

:40 3 0.01
0.542596991455528

:41 3 0.01
0.519216660626563

:42 3 0.01
0.5172714206847332

:43 3 0.01
0.5103057967241438

:44 3 0.01
0.5032064207891199

:45 3 0.01
0.515394411644214

:46 3 0.01
0.4913359102866411

:47 3 0.01
0.49000131274845843

:48 3 0.01
0.476208992480351

:49 3 0.01
0.48326746231251433

:50 3 0.01
0.4704314058748764

:2 3 0.001
1.9999944753725165

:3 3 0.001
1.731475716264371

:4 3 0.001
1.6322295414539199

:5 3 0.001
1.4111915666785764

:6 3 0.001
1.4111394775831922

:7 3 0.001
1.1967142494804548

:8 3 0.001
1.1730442579390747

:9 3 0.001
1.1237728395219262

:10 3 0.001
1.0573943777155952

:11 3 0.001
0.9875409479627827

:12 3 0.001
1.0499006698291191

:13 3 0.001
0.8991493440295787

:14 3 0.001
0.8914549189817635

:15 3 0.001
0.8418961100098574

:16 3 0.001
0.8359089431076004

:17 3 0.001
0.8286987453110801

:18 3 0.001
0.8067287298665087

:19 3 0.001
0.7676225625776413

:20 3 0.001
0.7872500614760266

:21 3 0.001
0.748325751902925

:22 3 0.001
0.7401356082474521

:23 3 0.001
0.7059675662371131

:24 3 0.001
0.7179878692616075

:25 3 0.001
0.6793412762951424

:26 3 0.001
0.6631991632483653

:27 3 0.001
0.6833342259309924

:28 3 0.001
0.6487796564506924

:29 3 0.001
0.6254873248092979

:30 3 0.001
0.6343690122369586

:31 3 0.001
0.6084179947177989

:32 3 0.001
0.6373822202698333

:33 3 0.001
0.5875361169301738

:34 3 0.001
0.5744930877557475

:35 3 0.001
0.5688783405928015

:36 3 0.001
0.578355538680821

:37 3 0.001
0.5585458559327852

:38 3 0.001
0.5488057775369957

:39 3 0.001
0.5410355913447158

:40 3 0.001
0.5324642483706604

:41 3 0.001
0.5415544018296746

:42 3 0.001
0.522033971359137

:43 3 0.001
0.49364964189442334

:44 3 0.001
0.5080814801883157

:45 3 0.001
0.5125027223912095

:46 3 0.001
0.5070067226351813

:47 3 0.001
0.4930167591295433

:48 3 0.001
0.5067800436607494

:49 3 0.001
0.4844703673706854

:50 3 0.001
0.49069012359287245

:2 3 0.0001
1.9999999585209343

:3 3 0.0001
1.7319249171625921

:4 3 0.0001
1.632699209460859

:5 3 0.0001
1.4111368210236874

:6 3 0.0001
1.413877634008303

:7 3 0.0001
1.1941970068734444

:8 3 0.0001
1.160140071077895

:9 3 0.0001
1.1228632158066076

:10 3 0.0001
1.057420621905595

:11 3 0.0001
0.9849372541951794

:12 3 0.0001
1.051306844943977

:13 3 0.0001
0.8969611914923568

:14 3 0.0001
0.8922927474360766

:15 3 0.0001
0.8378239897496109

:16 3 0.0001
0.8326198647484221

:17 3 0.0001
0.834061563270025

:18 3 0.0001
0.7997620717598776

:19 3 0.0001
0.7611553718516176

:20 3 0.0001
0.7804249720195604

:21 3 0.0001
0.7474553172738911

:22 3 0.0001
0.7405464598598815

:23 3 0.0001
0.7018459399829359

:24 3 0.0001
0.7214500637454507

:25 3 0.0001
0.6794414894451856

:26 3 0.0001
0.6686863716314081

:27 3 0.0001
0.6721815226079332

:28 3 0.0001
0.6493994141550474

:29 3 0.0001
0.6244504555398642

:30 3 0.0001
0.6323520268407264

:31 3 0.0001
0.6244446864513954

:32 3 0.0001
0.6400196348479861

:33 3 0.0001
0.5756048042730545

:34 3 0.0001
0.5747891284174387

:35 3 0.0001
0.5736432558835266

:36 3 0.0001
0.5690975402113699

:37 3 0.0001
0.5492611413294753

:38 3 0.0001
0.5502708050090387

:39 3 0.0001
0.5464506003666857

:40 3 0.0001
0.5357431698840417

:41 3 0.0001
0.5420530023432217

:42 3 0.0001
0.5266967322206664

:43 3 0.0001
0.5205832435819202

:44 3 0.0001
0.5080591247128919

:45 3 0.0001
0.5091696633142336

:46 3 0.0001
0.5008702115103448

:47 3 0.0001
0.4856380968218826

:48 3 0.0001
0.5088350349205645

:49 3 0.0001
0.4834227019745567

:50 3 0.0001
0.48703421577890205

:2 2 0.1
1.9997745588921354

:3 2 0.1
1.7167436578395847

:4 2 0.1
1.5869624645664795

:5 2 0.1
1.3626879434770638

:6 2 0.1
1.3245988023754864

:7 2 0.1
1.1814826264848994

:8 2 0.1
1.0846423204999145

:9 2 0.1
1.0649230797687939

:10 2 0.1
1.0102909372693771

:11 2 0.1
0.94358199498397

:12 2 0.1
0.9615672361007531

:13 2 0.1
0.8811260818943086

:14 2 0.1
0.8513712800369418

:15 2 0.1
0.8312628718730001

:16 2 0.1
0.8010238685874688

:17 2 0.1
0.7693752847526131

:18 2 0.1
0.7588631646618654

:19 2 0.1
0.7429798687033896

:20 2 0.1
0.7390672660988917

:21 2 0.1
0.7006811592249601

:22 2 0.1
0.6825580989970236

:23 2 0.1
0.6623561301560489

:24 2 0.1
0.672931170486208

:25 2 0.1
0.6515152112331623

:26 2 0.1
0.6343761014177498

:27 2 0.1
0.6145326051632417

:28 2 0.1
0.598075113249789

:29 2 0.1
0.5828974029161281

:30 2 0.1
0.5581676660530529

:31 2 0.1
0.5433122144289306

:32 2 0.1
0.5294863794636773

:33 2 0.1
0.5253482064429326

:34 2 0.1
0.5157499935624565

:35 2 0.1
0.504938401443564

:36 2 0.1
0.49907113980844414

:37 2 0.1
0.4965301219292158

:38 2 0.1
0.48627338489334787

:39 2 0.1
0.47457541415919247

:40 2 0.1
0.47277326827151583

:41 2 0.1
0.4598407211841484

:42 2 0.1
0.4668134006065859

:43 2 0.1
0.4610817951947725

:44 2 0.1
0.45190496652954276

:45 2 0.1
0.44152828917974113

:46 2 0.1
0.4386277395988125

:47 2 0.1
0.42631974760597563

:48 2 0.1
0.42340062725824007

:49 2 0.1
0.4143825129247057

:50 2 0.1
0.4265705925171998

:2 2 0.01
1.9999510122007662

:3 2 0.01
1.7262449802955893

:4 2 0.01
1.6251350857055271

:5 2 0.01
1.405333021068994

:6 2 0.01
1.402506223025718

:7 2 0.01
1.1943935645574502

:8 2 0.01
1.1663332508944666

:9 2 0.01
1.1212435114215855

:10 2 0.01
1.0579506222317903

:11 2 0.01
0.9867016921659398

:12 2 0.01
1.0416149490560405

:13 2 0.01
0.8972935959826174

:14 2 0.01
0.8873750440764526

:15 2 0.01
0.8580412391736653

:16 2 0.01
0.8453963984302836

:17 2 0.01
0.8343254870776206

:18 2 0.01
0.8021702173084292

:19 2 0.01
0.7697292268440402

:20 2 0.01
0.7842428798539506

:21 2 0.01
0.7507549024716558

:22 2 0.01
0.7391285373125102

:23 2 0.01
0.7054842989157679

:24 2 0.01
0.717861255177971

:25 2 0.01
0.6839078970976291

:26 2 0.01
0.6704888074145967

:27 2 0.01
0.6716377570342642

:28 2 0.01
0.6486784263134692

:29 2 0.01
0.6233716663540584

:30 2 0.01
0.6280376146234629

:31 2 0.01
0.6164514904302298

:32 2 0.01
0.6281235174627384

:33 2 0.01
0.5818359065669106

:34 2 0.01
0.5819751724628521

:35 2 0.01
0.5570391903301389

:36 2 0.01
0.5701821170238172

:37 2 0.01
0.5567073467426545

:38 2 0.01
0.5489431314622384

:39 2 0.01
0.5439155530748683

:40 2 0.01
0.5438478337172364

:41 2 0.01
0.5287577720424601

:42 2 0.01
0.5194903549664674

:43 2 0.01
0.510086962246453

:44 2 0.01
0.5087527446652538

:45 2 0.01
0.5083882211365628

:46 2 0.01
0.4941541030156557

:47 2 0.01
0.4918717135862844

:48 2 0.01
0.47666409578284646

:49 2 0.01
0.4779149417435152

:50 2 0.01
0.4672197706131483

:2 2 0.001
1.9999972360056866

:3 2 0.001
1.7315594306457511

:4 2 0.001
1.6317946484813326

:5 2 0.001
1.4128650105559022

:6 2 0.001
1.412911922381989

:7 2 0.001
1.2050456545241859

:8 2 0.001
1.1756098152625547

:9 2 0.001
1.1320443285699333

:10 2 0.001
1.0626584485765906

:11 2 0.001
0.9891596151931857

:12 2 0.001
1.0503769506543692

:13 2 0.001
0.9066146178308562

:14 2 0.001
0.8883270982601634

:15 2 0.001
0.8392635464044408

:16 2 0.001
0.8372256114131313

:17 2 0.001
0.8431395436171513

:18 2 0.001
0.8049270176755418

:19 2 0.001
0.7739929429606242

:20 2 0.001
0.7834679071244519

:21 2 0.001
0.7489786793225156

:22 2 0.001
0.7393028530358291

:23 2 0.001
0.7048739223878565

:24 2 0.001
0.7184420711090359

:25 2 0.001
0.6720320547459342

:26 2 0.001
0.6674597065860685

:27 2 0.001
0.6711224520076535

:28 2 0.001
0.6472410476736319

:29 2 0.001
0.6238669656520168

:30 2 0.001
0.6317826611685861

:31 2 0.001
0.6197070649649071

:32 2 0.001
0.6381524515036702

:33 2 0.001
0.5819934866346984

:34 2 0.001
0.5783378506685277

:35 2 0.001
0.5731446184560787

:36 2 0.001
0.5728202834200896

:37 2 0.001
0.5484939589591319

:38 2 0.001
0.5294958709591819

:39 2 0.001
0.5411875365242155

:40 2 0.001
0.5420705463040395

:41 2 0.001
0.5355168952722633

:42 2 0.001
0.5288951991036962

:43 2 0.001
0.5247155091125795

:44 2 0.001
0.5306735206201921

:45 2 0.001
0.5008561076619473

:46 2 0.001
0.5006526573688178

:47 2 0.001
0.49576739964066646

:48 2 0.001
0.5070609486130108

:49 2 0.001
0.4807692000970211

:50 2 0.001
0.4838742968779796

:2 2 0.0001
1.9999997354587602

:3 2 0.0001
1.7320261428225392

:4 2 0.0001
1.6327011403890375

:5 2 0.0001
1.4120162695128988

:6 2 0.0001
1.4138255073334374

:7 2 0.0001
1.186133776136517

:8 2 0.0001
1.1533813219350288

:9 2 0.0001
1.1290508595061526

:10 2 0.0001
1.0576334787852704

:11 2 0.0001
0.9829595564891167

:12 2 0.0001
1.0513126355070022

:13 2 0.0001
0.8876366039125494

:14 2 0.0001
0.8924443911634361

:15 2 0.0001
0.8399516740115676

:16 2 0.0001
0.8310443592901676

:17 2 0.0001
0.8453010047619903

:18 2 0.0001
0.8031968103459337

:19 2 0.0001
0.774576855228713

:20 2 0.0001
0.7873548508939566

:21 2 0.0001
0.7487991018542695

:22 2 0.0001
0.7378385445431507

:23 2 0.0001
0.7051585755804348

:24 2 0.0001
0.7109734896834996

:25 2 0.0001
0.6809011529676051

:26 2 0.0001
0.6690668988287086

:27 2 0.0001
0.6788855648929338

:28 2 0.0001
0.65033807917728

:29 2 0.0001
0.6262688375884368

:30 2 0.0001
0.6298366690785836

:31 2 0.0001
0.6231477537363038

:32 2 0.0001
0.6404059836556736

:33 2 0.0001
0.5791413345193058

:34 2 0.0001
0.5775281301708916

:35 2 0.0001
0.571609776156881

:36 2 0.0001
0.565737119488731

:37 2 0.0001
0.553979544539564

:38 2 0.0001
0.5464976410735458

:39 2 0.0001
0.5454560194738346

:40 2 0.0001
0.5304436534955899

:41 2 0.0001
0.535470775182297

:42 2 0.0001
0.5362791172768933

:43 2 0.0001
0.5226970842661134

:44 2 0.0001
0.5323290190421847

:45 2 0.0001
0.518760361677362

:46 2 0.0001
0.4976263373143788

:47 2 0.0001
0.48563440659677076

:48 2 0.0001
0.48327341376190547

:49 2 0.0001
0.48529705493579806

:50 2 0.0001
0.4757206784999586

:2 1 0.1
1.9997700032777654

:3 1 0.1
1.7296705338802825

:4 1 0.1
1.6012142079285343

:5 1 0.1
1.3637504238797387

:6 1 0.1
1.2868296943707576

:7 1 0.1
1.1776937058010777

:8 1 0.1
1.1390394434351292

:9 1 0.1
1.0491431823047717

:10 1 0.1
1.0256387991863025

:11 1 0.1
0.9548938273439509

:12 1 0.1
0.9523165028902428

:13 1 0.1
0.866582743896176

:14 1 0.1
0.8560882445548229

:15 1 0.1
0.8311785929232359

:16 1 0.1
0.8148751885689925

:17 1 0.1
0.7876920784908434

:18 1 0.1
0.7689403908298429

:19 1 0.1
0.7378945703049191

:20 1 0.1
0.7392295501248141

:21 1 0.1
0.7112581888435939

:22 1 0.1
0.6939998456018591

:23 1 0.1
0.6731795331303925

:24 1 0.1
0.6700271403995749

:25 1 0.1
0.6389047441631693

:26 1 0.1
0.6400901827722357

:27 1 0.1
0.6179607835110175

:28 1 0.1
0.595561964718432

:29 1 0.1
0.5846711924185164

:30 1 0.1
0.5872561381183192

:31 1 0.1
0.5688693772552909

:32 1 0.1
0.5658985277749932

:33 1 0.1
0.5466454032666287

:34 1 0.1
0.524742063916805

:35 1 0.1
0.5296338910885089

:36 1 0.1
0.5141310123955464

:37 1 0.1
0.5144822677571731

:38 1 0.1
0.5040286208688691

:39 1 0.1
0.49127773251528795

:40 1 0.1
0.49227770521088127

:41 1 0.1
0.47830730840652813

:42 1 0.1
0.4748645562170877

:43 1 0.1
0.46156690883625884

:44 1 0.1
0.4701747466592571

:45 1 0.1
0.4571632347656365

:46 1 0.1
0.45454410276445306

:47 1 0.1
0.44599932042883594

:48 1 0.1
0.44468483830374256

:49 1 0.1
0.4370635312770506

:50 1 0.1
0.42813414845578984

:2 1 0.01
1.9999825124105464

:3 1 0.01
1.7295549840821145

:4 1 0.01
1.6249989088032695

:5 1 0.01
1.4049509150421313

:6 1 0.01
1.3901884110042213

:7 1 0.01
1.1764974480802095

:8 1 0.01
1.1602581314749887

:9 1 0.01
1.1219961330749932

:10 1 0.01
1.0662170317016006

:11 1 0.01
0.9871306861142375

:12 1 0.01
1.0393486259214026

:13 1 0.01
0.910284683914938

:14 1 0.01
0.8812123580825059

:15 1 0.01
0.8495199930336593

:16 1 0.01
0.8451916769305162

:17 1 0.01
0.8314776676562429

:18 1 0.01
0.8050592768141578

:19 1 0.01
0.7724167883032506

:20 1 0.01
0.7858176880047713

:21 1 0.01
0.7530024685478768

:22 1 0.01
0.7380007997997641

:23 1 0.01
0.7060372440120362

:24 1 0.01
0.7035574322679712

:25 1 0.01
0.6826739924720311

:26 1 0.01
0.672977836255693

:27 1 0.01
0.6702651362342987

:28 1 0.01
0.6450474306933518

:29 1 0.01
0.625691417424025

:30 1 0.01
0.6311540873742637

:31 1 0.01
0.6195997115905397

:32 1 0.01
0.6277504631420533

:33 1 0.01
0.5715942905566603

:34 1 0.01
0.5762027339843808

:35 1 0.01
0.5731604309590282

:36 1 0.01
0.5732983329458775

:37 1 0.01
0.5556868590577068

:38 1 0.01
0.5525678889704969

:39 1 0.01
0.5427681022346383

:40 1 0.01
0.5390867792677433

:41 1 0.01
0.5196868680531221

:42 1 0.01
0.5301793055609267

:43 1 0.01
0.5238989138180811

:44 1 0.01
0.5055395217136824

:45 1 0.01
0.5112839719379882

:46 1 0.01
0.4901232042516243

:47 1 0.01
0.49214192695840825

:48 1 0.01
0.4876173817217006

:49 1 0.01
0.482672351374007

:50 1 0.01
0.4781206405832002

:2 1 0.001
1.9999998501507383

:3 1 0.001
1.7316420649367996

:4 1 0.001
1.6299913526013243

:5 1 0.001
1.4124019304456494

:6 1 0.001
1.411514168579047

:7 1 0.001
1.1882855259326675

:8 1 0.001
1.1719677543902884

:9 1 0.001
1.1224423593264319

:10 1 0.001
1.062330817462226

:11 1 0.001
0.9875701741347043

:12 1 0.001
1.050103956951604

:13 1 0.001
0.8924969214139303

:14 1 0.001
0.8926744996298618

:15 1 0.001
0.8413489894988064

:16 1 0.001
0.8336796772428792

:17 1 0.001
0.8296795125276067

:18 1 0.001
0.806036895899906

:19 1 0.001
0.7725558106719483

:20 1 0.001
0.7835761244701409

:21 1 0.001
0.7523863043136978

:22 1 0.001
0.7415345366156373

:23 1 0.001
0.7030517317851923

:24 1 0.001
0.7207758080132671

:25 1 0.001
0.68087518570921

:26 1 0.001
0.6637623463482019

:27 1 0.001
0.6706141746393303

:28 1 0.001
0.649772643286649

:29 1 0.001
0.6242066829133576

:30 1 0.001
0.6297472758960326

:31 1 0.001
0.6239433180273551

:32 1 0.001
0.6390620093788096

:33 1 0.001
0.5889747915410207

:34 1 0.001
0.581440549844637

:35 1 0.001
0.5671897113719148

:36 1 0.001
0.5713477755706264

:37 1 0.001
0.5597925811585112

:38 1 0.001
0.5520158392550375

:39 1 0.001
0.5432406803795347

:40 1 0.001
0.539635971067622

:41 1 0.001
0.5391922256717004

:42 1 0.001
0.5259709840486693

:43 1 0.001
0.5310411141900727

:44 1 0.001
0.5158873200402548

:45 1 0.001
0.5066207040651252

:46 1 0.001
0.4912164052915244

:47 1 0.001
0.48964536693900046

:48 1 0.001
0.49107648010809263

:49 1 0.001
0.4858592171197367

:50 1 0.001
0.4800375991295271

:2 1 0.0001
1.9999997609076001

:3 1 0.0001
1.7319786597307683

:4 1 0.0001
1.6329250538930609

:5 1 0.0001
1.412960890162421

:6 1 0.0001
1.4139504165741459

:7 1 0.0001
1.1866459545631238

:8 1 0.0001
1.1727854256429395

:9 1 0.0001
1.1313390507016308

:10 1 0.0001
1.0602419111537578

:11 1 0.0001
0.9881955899273032

:12 1 0.0001
1.0513001017183543

:13 1 0.0001
0.884161560137586

:14 1 0.0001
0.8916356488427173

:15 1 0.0001
0.8395462565525312

:16 1 0.0001
0.8461926068759326

:17 1 0.0001
0.8416714086422359

:18 1 0.0001
0.8073193624262287

:19 1 0.0001
0.7724583287686969

:20 1 0.0001
0.788969332490959

:21 1 0.0001
0.7483507570072914

:22 1 0.0001
0.7382070732856141

:23 1 0.0001
0.6968603688679776

:24 1 0.0001
0.7214447341080477

:25 1 0.0001
0.6847457907934545

:26 1 0.0001
0.6697757309436447

:27 1 0.0001
0.6833830732712475

:28 1 0.0001
0.648724512671765

:29 1 0.0001
0.6244154843236694

:30 1 0.0001
0.6325230907317302

:31 1 0.0001
0.6208109051352122

:32 1 0.0001
0.6405852521729892

:33 1 0.0001
0.5913565615902473

:34 1 0.0001
0.5886076251882949

:35 1 0.0001
0.5673171945795206

:36 1 0.0001
0.5673449154867719

:37 1 0.0001
0.5556716245065435

:38 1 0.0001
0.5552291664007323

:39 1 0.0001
0.5513170717731813

:40 1 0.0001
0.5416279761977816

:41 1 0.0001
0.5396758327253967

:42 1 0.0001
0.5215588937092172

:43 1 0.0001
0.5193473472173494

:44 1 0.0001
0.5176851130851803

:45 1 0.0001
0.48818865884299867

:46 1 0.0001
0.49160294396869114

:47 1 0.0001
0.4927584167330787

:48 1 0.0001
0.502355379566288

:49 1 0.0001
0.476325473686566

:50 1 0.0001
0.4762467104740595

