:2 5 0.1
1.9997479874598572

:3 5 0.1
1.7138553282345337

:4 5 0.1
1.5133608985700084

:5 5 0.1
1.333627828590914

:6 5 0.1
1.3153665767970444

:7 5 0.1
1.1796065360549466

:8 5 0.1
1.124084937043662

:9 5 0.1
1.070050565970313

:10 5 0.1
0.9981070076464255

:11 5 0.1
0.9249726752051677

:12 5 0.1
0.935330421187187

:13 5 0.1
0.8862694521615722

:14 5 0.1
0.8377798453611826

:15 5 0.1
0.8188729304537771

:16 5 0.1
0.8089573854119846

:17 5 0.1
0.774728344488072

:18 5 0.1
0.7487961345677788

:19 5 0.1
0.7321254922748207

:20 5 0.1
0.7280794646351509

:21 5 0.1
0.7078230088197266

:22 5 0.1
0.6939224462729912

:23 5 0.1
0.6633435763024664

:24 5 0.1
0.6548589915146467

:25 5 0.1
0.6478368309900682

:26 5 0.1
0.6228924300012821

:27 5 0.1
0.601956382780185

:28 5 0.1
0.5666943808044134

:29 5 0.1
0.556465772570356

:30 5 0.1
0.5473068906786078

:31 5 0.1
0.5393515703685048

:32 5 0.1
0.5238256648938789

:33 5 0.1
0.517477627373636

:34 5 0.1
0.5129126656678807

:35 5 0.1
0.4814356803909588

:36 5 0.1
0.478247479928487

:37 5 0.1
0.47441466178682634

:38 5 0.1
0.47740823268928695

:39 5 0.1
0.45780872079993395

:40 5 0.1
0.4438617526659292

:41 5 0.1
0.438516993653143

:42 5 0.1
0.4269928901079934

:43 5 0.1
0.41548137932159657

:44 5 0.1
0.43431578859167724

:45 5 0.1
0.4252839049923185

:46 5 0.1
0.3945622596742528

:47 5 0.1
0.39910955297879513

:48 5 0.1
0.3990620442551361

:49 5 0.1
0.39278210099682287

:50 5 0.1
0.3935562501172032

:2 5 0.01
1.999779185520236

:3 5 0.01
1.731180216275547

:4 5 0.01
1.6178646652408908

:5 5 0.01
1.3938522796180506

:6 5 0.01
1.39987139644784

:7 5 0.01
1.1907201288860678

:8 5 0.01
1.1586449824842284

:9 5 0.01
1.1166705855704377

:10 5 0.01
1.0645442894143327

:11 5 0.01
0.9791489406925072

:12 5 0.01
1.0414020105241022

:13 5 0.01
0.8974229350770794

:14 5 0.01
0.8969596492250576

:15 5 0.01
0.845602748506083

:16 5 0.01
0.8422723501067112

:17 5 0.01
0.8347207180763911

:18 5 0.01
0.8024136692844147

:19 5 0.01
0.7696305801656056

:20 5 0.01
0.780799436581951

:21 5 0.01
0.7481175894062552

:22 5 0.01
0.7383736811652569

:23 5 0.01
0.7023480807972323

:24 5 0.01
0.7123386362732523

:25 5 0.01
0.6829670671428435

:26 5 0.01
0.6724342613595341

:27 5 0.01
0.6790499544157838

:28 5 0.01
0.646216606022968

:29 5 0.01
0.6199481894805196

:30 5 0.01
0.6239131395849726

:31 5 0.01
0.6128077278234961

:32 5 0.01
0.612723785623721

:33 5 0.01
0.5890970607727717

:34 5 0.01
0.587659192512591

:35 5 0.01
0.5677724271885236

:36 5 0.01
0.5618988539194655

:37 5 0.01
0.555889025096748

:38 5 0.01
0.5413354615388499

:39 5 0.01
0.5432874369254568

:40 5 0.01
0.5380732654674995

:41 5 0.01
0.5239675163826972

:42 5 0.01
0.5195717569206836

:43 5 0.01
0.5150831746164132

:44 5 0.01
0.5015333510099927

:45 5 0.01
0.5047912708427833

:46 5 0.01
0.4997166870421144

:47 5 0.01
0.48657203755079914

:48 5 0.01
0.479441742536384

:49 5 0.01
0.48309174529574966

:50 5 0.01
0.47402066873036247

:2 5 0.001
1.999995724518115

:3 5 0.001
1.731200666446837

:4 5 0.001
1.6307544864493095

:5 5 0.001
1.4098668840113049

:6 5 0.001
1.4112040720081855

:7 5 0.001
1.1984949169214336

:8 5 0.001
1.169716970882995

:9 5 0.001
1.131208582260586

:10 5 0.001
1.0584450521629798

:11 5 0.001
0.9855751196726604

:12 5 0.001
1.0499686777078427

:13 5 0.001
0.9045639881953623

:14 5 0.001
0.8926209644991271

:15 5 0.001
0.8395406774749371

:16 5 0.001
0.8312857207187104

:17 5 0.001
0.8354835997733779

:18 5 0.001
0.807507933156223

:19 5 0.001
0.7715357658904916

:20 5 0.001
0.7893107054070537

:21 5 0.001
0.7487721734807248

:22 5 0.001
0.7394082188070531

:23 5 0.001
0.695741338033265

:24 5 0.001
0.7211513100912034

:25 5 0.001
0.681186408577927

:26 5 0.001
0.6703866764908716

:27 5 0.001
0.68370952093424

:28 5 0.001
0.648653123892012

:29 5 0.001
0.6259028223152697

:30 5 0.001
0.6302902438820056

:31 5 0.001
0.616251295168256

:32 5 0.001
0.6048992284256504

:33 5 0.001
0.5908750541706342

:34 5 0.001
0.5783134643160001

:35 5 0.001
0.5647757111081668

:36 5 0.001
0.5756807140736073

:37 5 0.001
0.5566779627767672

:38 5 0.001
0.5507826005168216

:39 5 0.001
0.5448812008767178

:40 5 0.001
0.5334532213760924

:41 5 0.001
0.529472673434311

:42 5 0.001
0.5303940234413066

:43 5 0.001
0.5141198540556655

:44 5 0.001
0.5046783036951231

:45 5 0.001
0.5147525966267161

:46 5 0.001
0.49689470460390434

:47 5 0.001
0.4954817669559229

:48 5 0.001
0.4916164723735153

:49 5 0.001
0.4675886728474103

:50 5 0.001
0.48172346821785067

:2 5 0.0001
1.999998262117863

:3 5 0.0001
1.7320117503273635

:4 5 0.0001
1.6327270448096256

:5 5 0.0001
1.407698504137515

:6 5 0.0001
1.4139278734892429

:7 5 0.0001
1.1896995296856565

:8 5 0.0001
1.159428363306031

:9 5 0.0001
1.131062339497266

:10 5 0.0001
1.0588606659761537

:11 5 0.0001
0.9875360363664302

:12 5 0.0001
1.0512820243684915

:13 5 0.0001
0.8940994656459446

:14 5 0.0001
0.8876214049996359

:15 5 0.0001
0.8360350798096357

:16 5 0.0001
0.8479977258947565

:17 5 0.0001
0.8360117748311926

:18 5 0.0001
0.7993268001084316

:19 5 0.0001
0.7621673604152859

:20 5 0.0001
0.78883333850853

:21 5 0.0001
0.7489063184648845

:22 5 0.0001
0.7397139015597843

:23 5 0.0001
0.693493501670594

:24 5 0.0001
0.7194997863358071

:25 5 0.0001
0.6827661705956948

:26 5 0.0001
0.6702408673839161

:27 5 0.0001
0.6786132642266164

:28 5 0.0001
0.650237817170123

:29 5 0.0001
0.6148053883607384

:30 5 0.0001
0.6345019242645926

:31 5 0.0001
0.6244609334367067

:32 5 0.0001
0.6400516870112647

:33 5 0.0001
0.578711431827276

:34 5 0.0001
0.5586615971345444

:35 5 0.0001
0.5714776663113605

:36 5 0.0001
0.559466644422262

:37 5 0.0001
0.5568663041878502

:38 5 0.0001
0.5517727254424651

:39 5 0.0001
0.5450224767488128

:40 5 0.0001
0.538735293068859

:41 5 0.0001
0.5331049812318623

:42 5 0.0001
0.5191751855817227

:43 5 0.0001
0.5239146396393197

:44 5 0.0001
0.5106618893864198

:45 5 0.0001
0.5133554075026191

:46 5 0.0001
0.4975580548406504

:47 5 0.0001
0.4943163952330043

:48 5 0.0001
0.4959972795457062

:49 5 0.0001
0.48311335727941507

:50 5 0.0001
0.4718731695887018

:2 3 0.1
1.9990290976810006

:3 3 0.1
1.7002906334358372

:4 3 0.1
1.5770278559240836

:5 3 0.1
1.3687293270886087

:6 3 0.1
1.241745131304161

:7 3 0.1
1.1947974034503457

:8 3 0.1
1.0961535970076794

:9 3 0.1
1.0484442548341404

:10 3 0.1
1.013918324482275

:11 3 0.1
0.930635118527077

:12 3 0.1
0.9561362180352551

:13 3 0.1
0.8879117874853083

:14 3 0.1
0.8385555335508329

:15 3 0.1
0.8223476424186668

:16 3 0.1
0.8032123796119873

:17 3 0.1
0.7661134821970301

:18 3 0.1
0.7544344510825655

:19 3 0.1
0.7350336812891567

:20 3 0.1
0.7319919889686669

:21 3 0.1
0.7111293466669099

:22 3 0.1
0.6966996890850918

:23 3 0.1
0.6735604573537005

:24 3 0.1
0.6711042002554396

:25 3 0.1
0.6408912313430654

:26 3 0.1
0.6126818142999318

:27 3 0.1
0.6309071550641812

:28 3 0.1
0.5976985456753631

:29 3 0.1
0.5687249726578996

:30 3 0.1
0.5672983247653852

:31 3 0.1
0.5463124421008116

:32 3 0.1
0.5305297695173256

:33 3 0.1
0.5172065965521756

:34 3 0.1
0.510580093750766

:35 3 0.1
0.487739814830115

:36 3 0.1
0.49580957214776084

:37 3 0.1
0.49141790987980744

:38 3 0.1
0.4641606258933222

:39 3 0.1
0.45541542482076114

:40 3 0.1
0.45840054799225977

:41 3 0.1
0.4564572451936381

:42 3 0.1
0.4441318183623675

:43 3 0.1
0.4426343233439101

:44 3 0.1
0.4238243938121565

:45 3 0.1
0.4352644882459955

:46 3 0.1
0.4211362918869701

:47 3 0.1
0.413066324768718

:48 3 0.1
0.41765708127601403

:49 3 0.1
0.41832647988364163

:50 3 0.1
0.414250837273413

:2 3 0.01
1.9999483344560085

:3 3 0.01
1.726856572643423

:4 3 0.01
1.6213964227130144

:5 3 0.01
1.387193830193105

:6 3 0.01
1.3998366098045043

:7 3 0.01
1.2019259990251119

:8 3 0.01
1.1700190829212558

:9 3 0.01
1.123729821246944

:10 3 0.01
1.0610416089032761

:11 3 0.01
0.9834664551517998

:12 3 0.01
1.0366039353741718

:13 3 0.01
0.9203804908155063

:14 3 0.01
0.8825618224783365

:15 3 0.01
0.8466361465107181

:16 3 0.01
0.8486055615269379

:17 3 0.01
0.8429584328400875

:18 3 0.01
0.8048027876640451

:19 3 0.01
0.7712504134902348

:20 3 0.01
0.7870775711084647

:21 3 0.01
0.7512008168167256

:22 3 0.01
0.7367249598442963

:23 3 0.01
0.7047182274000269

:24 3 0.01
0.714678686155341

:25 3 0.01
0.6834521083833468

:26 3 0.01
0.6703132309445662

:27 3 0.01
0.6795431497263492

:28 3 0.01
0.6430053749603493

:29 3 0.01
0.6254721309320467

:30 3 0.01
0.632157710209933

:31 3 0.01
0.6107254216177999

:32 3 0.01
0.5831305252715636

:33 3 0.01
0.5874359218781718

:34 3 0.01
0.5794319109026032

:35 3 0.01
0.5681239659608076

:36 3 0.01
0.5548984794692403

:37 3 0.01
0.5547458280791485

:38 3 0.01
0.5448861010605738

:39 3 0.01
0.5387691371830446

:40 3 0.01
0.5386123261267354

:41 3 0.01
0.5197776751674542

:42 3 0.01
0.5235749611923658

:43 3 0.01
0.5188410287453271

:44 3 0.01
0.4951561822875871

:45 3 0.01
0.5114085704673202

:46 3 0.01
0.4914845639529039

:47 3 0.01
0.4842640312788978

:48 3 0.01
0.4824488990197538

:49 3 0.01
0.47860203223299164

:50 3 0.01
0.4787595019371087

:2 3 0.001
1.999999644559635

:3 3 0.001
1.7315136257968582

:4 3 0.001
1.631554671725542

:5 3 0.001
1.4106017133226676

:6 3 0.001
1.407585948138357

:7 3 0.001
1.181321124505691

:8 3 0.001
1.1708626427465119

:9 3 0.001
1.1225510854536518

:10 3 0.001
1.0570823205231794

:11 3 0.001
0.9853171915954384

:12 3 0.001
1.050080076647245

:13 3 0.001
0.9004850616095522

:14 3 0.001
0.8813120912515483

:15 3 0.001
0.8390343367935712

:16 3 0.001
0.8299073002320471

:17 3 0.001
0.8417652235380606

:18 3 0.001
0.8018486058910422

:19 3 0.001
0.7594978105514056

:20 3 0.001
0.7610371745975466

:21 3 0.001
0.7498817969591985

:22 3 0.001
0.7415871894216647

:23 3 0.001
0.7041227787934767

:24 3 0.001
0.7067340435776394

:25 3 0.001
0.6826705239530644

:26 3 0.001
0.6706035512321261

:27 3 0.001
0.6788394780832315

:28 3 0.001
0.6498808175410798

:29 3 0.001
0.6228009573052938

:30 3 0.001
0.6302331619171508

:31 3 0.001
0.6156303923077732

:32 3 0.001
0.6390157752637335

:33 3 0.001
0.590300156213803

:34 3 0.001
0.5690453948651698

:35 3 0.001
0.5709379445623654

:36 3 0.001
0.5726323217613039

:37 3 0.001
0.559673890466107

:38 3 0.001
0.5638610360057893

:39 3 0.001
0.5403727713839132

:40 3 0.001
0.5464628864592839

:41 3 0.001
0.5320632065943144

:42 3 0.001
0.5199063405603913

:43 3 0.001
0.5273193858547783

:44 3 0.001
0.5161327893267215

:45 3 0.001
0.49889563606949716

:46 3 0.001
0.5012227780624662

:47 3 0.001
0.4924812520282773

:48 3 0.001
0.4774713978267233

:49 3 0.001
0.4804376534568153

:50 3 0.001
0.47660002533150453

:2 3 0.0001
1.999999892905537

:3 3 0.0001
1.7320245103058411

:4 3 0.0001
1.6326477815093705

:5 3 0.0001
1.4003848776429473

:6 3 0.0001
1.4137340600794266

:7 3 0.0001
1.182313314961781

:8 3 0.0001
1.16077962499824

:9 3 0.0001
1.1314641580477593

:10 3 0.0001
1.057367081605549

:11 3 0.0001
0.9846996245544458

:12 3 0.0001
1.0513271874838037

:13 3 0.0001
0.8930641586784863

:14 3 0.0001
0.892671499224594

:15 3 0.0001
0.839661047369971

:16 3 0.0001
0.8409148587915873

:17 3 0.0001
0.8384721516354848

:18 3 0.0001
0.8059659899243926

:19 3 0.0001
0.7633826474716955

:20 3 0.0001
0.7838935621048492

:21 3 0.0001
0.7505236416593326

:22 3 0.0001
0.7373576433888034

:23 3 0.0001
0.7040668974859007

:24 3 0.0001
0.7068210635745199

:25 3 0.0001
0.680916498776694

:26 3 0.0001
0.6709841547265049

:27 3 0.0001
0.6799265010406232

:28 3 0.0001
0.6496022803572924

:29 3 0.0001
0.6217261997966564

:30 3 0.0001
0.6320315065133276

:31 3 0.0001
0.6229317215848321

:32 3 0.0001
0.6390357275876918

:33 3 0.0001
0.5944991584009052

:34 3 0.0001
0.5762479974664912

:35 3 0.0001
0.5761285601325331

:36 3 0.0001
0.5676311589233426

:37 3 0.0001
0.545314282603122

:38 3 0.0001
0.5587706752833482

:39 3 0.0001
0.5421743901448927

:40 3 0.0001
0.5287776356781586

:41 3 0.0001
0.534591857318863

:42 3 0.0001
0.5082870343895435

:43 3 0.0001
0.5325636823878279

:44 3 0.0001
0.5011121871230807

:45 3 0.0001
0.5128884622718158

:46 3 0.0001
0.5021994344255757

:47 3 0.0001
0.48963029243054895

:48 3 0.0001
0.492446113932635

:49 3 0.0001
0.47985879574906226

:50 3 0.0001
0.4846224836294993

:2 2 0.1
1.9997687055254527

:3 2 0.1
1.7025044670553786

:4 2 0.1
1.5614145024248682

:5 2 0.1
1.3692354542736453

:6 2 0.1
1.338532594687455

:7 2 0.1
1.1476094904034218

:8 2 0.1
1.1142660214716125

:9 2 0.1
1.0530798651747266

:10 2 0.1
1.0031451783630048

:11 2 0.1
0.9418364365864503

:12 2 0.1
0.9072912647231427

:13 2 0.1
0.8753319510824479

:14 2 0.1
0.8457943178315536

:15 2 0.1
0.8354160465127046

:16 2 0.1
0.8054760511021763

:17 2 0.1
0.786432168286025

:18 2 0.1
0.7575356124157623

:19 2 0.1
0.7276853404037936

:20 2 0.1
0.7156760328494346

:21 2 0.1
0.707512852248872

:22 2 0.1
0.6958998321481161

:23 2 0.1
0.6669092047729029

:24 2 0.1
0.6615246343194355

:25 2 0.1
0.6349470757489456

:26 2 0.1
0.6292499955712013

:27 2 0.1
0.613447743345218

:28 2 0.1
0.5871766721958529

:29 2 0.1
0.579483873614511

:30 2 0.1
0.576217007557304

:31 2 0.1
0.5698303613325763

:32 2 0.1
0.5416212798315266

:33 2 0.1
0.5315314376361817

:34 2 0.1
0.5210308782923184

:35 2 0.1
0.5093433685637347

:36 2 0.1
0.5043988712913506

:37 2 0.1
0.4924054981219242

:38 2 0.1
0.4818346286893367

:39 2 0.1
0.4716429462100246

:40 2 0.1
0.48387783545929414

:41 2 0.1
0.4701984537686719

:42 2 0.1
0.4543201569369215

:43 2 0.1
0.4512330674067507

:44 2 0.1
0.45873612783359813

:45 2 0.1
0.4406723593071713

:46 2 0.1
0.443557583040753

:47 2 0.1
0.42806544493539095

:48 2 0.1
0.4309681036903557

:49 2 0.1
0.419697782925809

:50 2 0.1
0.420660010869882

:2 2 0.01
1.999781238571324

:3 2 0.01
1.7308044844947743

:4 2 0.01
1.6263147507171019

:5 2 0.01
1.4007256865383741

:6 2 0.01
1.4000166059212498

:7 2 0.01
1.2014822459238605

:8 2 0.01
1.1492492226717912

:9 2 0.01
1.118748502669549

:10 2 0.01
1.0586208204177698

:11 2 0.01
0.9853773040486962

:12 2 0.01
1.038713751848764

:13 2 0.01
0.9008718398838655

:14 2 0.01
0.8866087440418263

:15 2 0.01
0.8381650568950092

:16 2 0.01
0.8430365276521633

:17 2 0.01
0.8365856990744982

:18 2 0.01
0.8000123301547489

:19 2 0.01
0.7707079100472698

:20 2 0.01
0.7817673076108739

:21 2 0.01
0.7483415491817085

:22 2 0.01
0.7409189811508802

:23 2 0.01
0.706090721228135

:24 2 0.01
0.7161571400207126

:25 2 0.01
0.6811646078078347

:26 2 0.01
0.6702877103055066

:27 2 0.01
0.6764149790159149

:28 2 0.01
0.6453673043163984

:29 2 0.01
0.6245932087889807

:30 2 0.01
0.619744900024922

:31 2 0.01
0.6130992560893568

:32 2 0.01
0.6284326064836009

:33 2 0.01
0.5828559167631402

:34 2 0.01
0.5773876878939029

:35 2 0.01
0.5714785223946478

:36 2 0.01
0.5690676126424311

:37 2 0.01
0.5486062412318568

:38 2 0.01
0.5538193613159553

:39 2 0.01
0.542009934758687

:40 2 0.01
0.5384396698206576

:41 2 0.01
0.5204098210141427

:42 2 0.01
0.5199394991908336

:43 2 0.01
0.5106181474660189

:44 2 0.01
0.5181795496980298

:45 2 0.01
0.49918879437483005

:46 2 0.01
0.5013579414829704

:47 2 0.01
0.47641783118474607

:48 2 0.01
0.4768310722809814

:49 2 0.01
0.48192455048356814

:50 2 0.01
0.47011747780019925

:2 2 0.001
1.9999951283756372

:3 2 0.001
1.7317787017651376

:4 2 0.001
1.6313846995707164

:5 2 0.001
1.409667865574395

:6 2 0.001
1.411635758772161

:7 2 0.001
1.1901990028465304

:8 2 0.001
1.1707435431190238

:9 2 0.001
1.1283998802246047

:10 2 0.001
1.0589854912896337

:11 2 0.001
0.9839961975144206

:12 2 0.001
1.050447059825246

:13 2 0.001
0.8907268407604759

:14 2 0.001
0.8953609777141843

:15 2 0.001
0.8406245706058589

:16 2 0.001
0.8512369761475158

:17 2 0.001
0.8298023181402789

:18 2 0.001
0.8023788755414456

:19 2 0.001
0.7711995509874184

:20 2 0.001
0.7855261028188995

:21 2 0.001
0.7491146847895962

:22 2 0.001
0.7376034095435279

:23 2 0.001
0.7045007457709591

:24 2 0.001
0.7127713533606596

:25 2 0.001
0.6808446874646014

:26 2 0.001
0.6714173862241318

:27 2 0.001
0.6727357006213178

:28 2 0.001
0.6494296102969929

:29 2 0.001
0.6238581661513186

:30 2 0.001
0.6298963083549008

:31 2 0.001
0.6170370752546451

:32 2 0.001
0.6379657878834649

:33 2 0.001
0.5837206180653315

:34 2 0.001
0.5737766271777853

:35 2 0.001
0.571438084985897

:36 2 0.001
0.5652072654791052

:37 2 0.001
0.5589705222699428

:38 2 0.001
0.5640384050322393

:39 2 0.001
0.5447828011314254

:40 2 0.001
0.5393456210102036

:41 2 0.001
0.5420022427365193

:42 2 0.001
0.5254114599836752

:43 2 0.001
0.5288187061846216

:44 2 0.001
0.5230355675510802

:45 2 0.001
0.509072949350026

:46 2 0.001
0.5022552524997171

:47 2 0.001
0.4912190086843235

:48 2 0.001
0.4891989552899776

:49 2 0.001
0.48615766372066

:50 2 0.001
0.47790077685705357

:2 2 0.0001
1.9999995519749605

:3 2 0.0001
1.7320086495319735

:4 2 0.0001
1.6328154649188138

:5 2 0.0001
1.4104477941556504

:6 2 0.0001
1.4140311513382458

:7 2 0.0001
1.1981891403075087

:8 2 0.0001
1.1744832455747563

:9 2 0.0001
1.126049964122605

:10 2 0.0001
1.0674545687340886

:11 2 0.0001
0.9862364986158377

:12 2 0.0001
1.051298362759846

:13 2 0.0001
0.908399576007196

:14 2 0.0001
0.8904148975725223

:15 2 0.0001
0.836876097625042

:16 2 0.0001
0.8383597457041491

:17 2 0.0001
0.8413573904435906

:18 2 0.0001
0.8041743944210221

:19 2 0.0001
0.7691442574792106

:20 2 0.0001
0.7807971297623819

:21 2 0.0001
0.748871770772566

:22 2 0.0001
0.7410858222110678

:23 2 0.0001
0.703401923348277

:24 2 0.0001
0.7204860905231764

:25 2 0.0001
0.6790820042137587

:26 2 0.0001
0.6709427805807544

:27 2 0.0001
0.6708911988098337

:28 2 0.0001
0.650310822282271

:29 2 0.0001
0.6243543019965252

:30 2 0.0001
0.6291656809075501

:31 2 0.0001
0.614724206839615

:32 2 0.0001
0.6403412426434528

:33 2 0.0001
0.5788932851629849

:34 2 0.0001
0.5818857802945251

:35 2 0.0001
0.5734770715843959

:36 2 0.0001
0.5609059108907949

:37 2 0.0001
0.5584599877522679

:38 2 0.0001
0.5544062215845134

:39 2 0.0001
0.5442321892475133

:40 2 0.0001
0.5439530826895437

:41 2 0.0001
0.5325142586944295

:42 2 0.0001
0.5366416781267378

:43 2 0.0001
0.5024179643517385

:44 2 0.0001
0.5059326686933249

:45 2 0.0001
0.5128328591740324

:46 2 0.0001
0.48681667816783175

:47 2 0.0001
0.4853300890650614

:48 2 0.0001
0.4953129685958603

:49 2 0.0001
0.47982682299512436

:50 2 0.0001
0.47688840004874994

:2 1 0.1
1.9996848696066951

:3 1 0.1
1.7043036742845414

:4 1 0.1
1.5737243988325647

:5 1 0.1
1.3469489159584995

:6 1 0.1
1.3582405471748926

:7 1 0.1
1.1754049030775247

:8 1 0.1
1.1189621999806374

:9 1 0.1
1.0745468666887648

:10 1 0.1
0.9894346459438529

:11 1 0.1
0.9388637545668072

:12 1 0.1
0.9650910559334135

:13 1 0.1
0.8776735412678526

:14 1 0.1
0.8515812024892706

:15 1 0.1
0.8231759059366617

:16 1 0.1
0.8155358557233033

:17 1 0.1
0.777492086679351

:18 1 0.1
0.7748564349569961

:19 1 0.1
0.7348156126414196

:20 1 0.1
0.731148735656601

:21 1 0.1
0.7210868164371672

:22 1 0.1
0.695003966128008

:23 1 0.1
0.6609869626097312

:24 1 0.1
0.6636553610270889

:25 1 0.1
0.6385495476274755

:26 1 0.1
0.6277396970628705

:27 1 0.1
0.6304586263765933

:28 1 0.1
0.6140634421045345

:29 1 0.1
0.5777524395062505

:30 1 0.1
0.5878580439153578

:31 1 0.1
0.572137183397423

:32 1 0.1
0.5648069596047879

:33 1 0.1
0.5473705481362737

:34 1 0.1
0.5358522539298486

:35 1 0.1
0.522336199595223

:36 1 0.1
0.5090858654432593

:37 1 0.1
0.5099017615550906

:38 1 0.1
0.5184398369832246

:39 1 0.1
0.5018351743493297

:40 1 0.1
0.4772433990147174

:41 1 0.1
0.4855278527597842

:42 1 0.1
0.4738652685996718

:43 1 0.1
0.47344588275567684

:44 1 0.1
0.4677150571032735

:45 1 0.1
0.46521122573668455

:46 1 0.1
0.4562713548462507

:47 1 0.1
0.45008974372393

:48 1 0.1
0.44412224792249705

:49 1 0.1
0.43504862582687887

:50 1 0.1
0.42922120085776

:2 1 0.01
1.9999974286328916

:3 1 0.01
1.7290929406798465

:4 1 0.01
1.629455281277749

:5 1 0.01
1.3869325573259514

:6 1 0.01
1.4037903703598926

:7 1 0.01
1.2020901391779

:8 1 0.01
1.1699635264362012

:9 1 0.01
1.1280443916600518

:10 1 0.01
1.0664183309033144

:11 1 0.01
0.987776377774478

:12 1 0.01
1.0401158764049345

:13 1 0.01
0.9165753542562327

:14 1 0.01
0.885040623819313

:15 1 0.01
0.8422454968117482

:16 1 0.01
0.8432590625334528

:17 1 0.01
0.8144730532898364

:18 1 0.01
0.802897067301973

:19 1 0.01
0.7697274108332474

:20 1 0.01
0.7869225225387839

:21 1 0.01
0.7527309944604399

:22 1 0.01
0.7395473250642212

:23 1 0.01
0.7051655054405234

:24 1 0.01
0.7188495865261069

:25 1 0.01
0.6842757609253899

:26 1 0.01
0.6705010619290744

:27 1 0.01
0.671440125262884

:28 1 0.01
0.6455388343144552

:29 1 0.01
0.6245154398729883

:30 1 0.01
0.6260635926083368

:31 1 0.01
0.6166387626877687

:32 1 0.01
0.6321539971178588

:33 1 0.01
0.5784673903472914

:34 1 0.01
0.5786739109616136

:35 1 0.01
0.5763087794402815

:36 1 0.01
0.5679096541250185

:37 1 0.01
0.56061401901969

:38 1 0.01
0.5516093013901725

:39 1 0.01
0.5364964775042348

:40 1 0.01
0.5347750518847401

:41 1 0.01
0.5317067196421366

:42 1 0.01
0.5242872243271709

:43 1 0.01
0.5238185948021237

:44 1 0.01
0.5189830362141818

:45 1 0.01
0.5089356000073268

:46 1 0.01
0.49357987983613966

:47 1 0.01
0.4895450712840778

:48 1 0.01
0.4793228550374933

:49 1 0.01
0.486094470929561

:50 1 0.01
0.47073483659187104

:2 1 0.001
1.999999309498567

:3 1 0.001
1.7316832725968376

:4 1 0.001
1.63086937807726

:5 1 0.001
1.4121807223430765

:6 1 0.001
1.4111036102278336

:7 1 0.001
1.1896981464902965

:8 1 0.001
1.1766184398791444

:9 1 0.001
1.1240696559026009

:10 1 0.001
1.058777995377668

:11 1 0.001
0.9886951679900866

:12 1 0.001
1.0502959626456734

:13 1 0.001
0.8888899625566548

:14 1 0.001
0.8909380952507119

:15 1 0.001
0.8380840927339587

:16 1 0.001
0.8480129569049432

:17 1 0.001
0.8353127413946421

:18 1 0.001
0.7989160647925825

:19 1 0.001
0.7641815732609283

:20 1 0.001
0.7873843723529276

:21 1 0.001
0.7496087499191639

:22 1 0.001
0.727360377323735

:23 1 0.001
0.6934219867477779

:24 1 0.001
0.7158146518366973

:25 1 0.001
0.680721360158377

:26 1 0.001
0.6714868055176204

:27 1 0.001
0.6820874109449983

:28 1 0.001
0.6498808649723831

:29 1 0.001
0.6240635185780703

:30 1 0.001
0.6321778622975185

:31 1 0.001
0.6186020526471444

:32 1 0.001
0.6394820932324469

:33 1 0.001
0.5775150493873511

:34 1 0.001
0.5738928765340096

:35 1 0.001
0.5734117442680584

:36 1 0.001
0.573585801858944

:37 1 0.001
0.5357299502110927

:38 1 0.001
0.5476375987377722

:39 1 0.001
0.5472571627779897

:40 1 0.001
0.5411273308005626

:41 1 0.001
0.5261543551075386

:42 1 0.001
0.5231220252719162

:43 1 0.001
0.5206455177107694

:44 1 0.001
0.5145338684898125

:45 1 0.001
0.5020917826574621

:46 1 0.001
0.49476547732926707

:47 1 0.001
0.4909961348785083

:48 1 0.001
0.48750473202955463

:49 1 0.001
0.477019776515525

:50 1 0.001
0.4747862675033512

:2 1 0.0001
1.999999969940645

:3 1 0.0001
1.7319128533369101

:4 1 0.0001
1.6329208099273966

:5 1 0.0001
1.3947791694620026

:6 1 0.0001
1.4140223071107278

:7 1 0.0001
1.1787576516064644

:8 1 0.0001
1.1758344113472023

:9 1 0.0001
1.125740215215829

:10 1 0.0001
1.063406071666502

:11 1 0.0001
0.9843471357868063

:12 1 0.0001
1.0513033417709818

:13 1 0.0001
0.9156422401785643

:14 1 0.0001
0.8921587719209847

:15 1 0.0001
0.8394647061516743

:16 1 0.0001
0.8307590426050604

:17 1 0.0001
0.8408529503957102

:18 1 0.0001
0.8080346605354239

:19 1 0.0001
0.7686709187990002

:20 1 0.0001
0.7842869419117497

:21 1 0.0001
0.7484288606702303

:22 1 0.0001
0.7418429384916206

:23 1 0.0001
0.6987784346576252

:24 1 0.0001
0.7198558149746446

:25 1 0.0001
0.6833394188553054

:26 1 0.0001
0.6709975913106039

:27 1 0.0001
0.6767376627832006

:28 1 0.0001
0.6504923335629805

:29 1 0.0001
0.6251845624093529

:30 1 0.0001
0.6310358199735997

:31 1 0.0001
0.6239090996673153

:32 1 0.0001
0.6402472206407228

:33 1 0.0001
0.5914592441715077

:34 1 0.0001
0.5740661881740585

:35 1 0.0001
0.5675254510845934

:36 1 0.0001
0.5592977998665224

:37 1 0.0001
0.5600196056161586

:38 1 0.0001
0.5524919254524423

:39 1 0.0001
0.5410076433662362

:40 1 0.0001
0.5324343206560038

:41 1 0.0001
0.5337391064894209

:42 1 0.0001
0.533484116208199

:43 1 0.0001
0.5084782560317985

:44 1 0.0001
0.5172903111772189

:45 1 0.0001
0.5126938583994617

:46 1 0.0001
0.5042910640788925

:47 1 0.0001
0.48880676793635697

:48 1 0.0001
0.4887331191843914

:49 1 0.0001
0.478720154967697

:50 1 0.0001
0.4724381482289995

:2 5 0.1
1.9975987788918437

:3 5 0.1
1.7105683856950833

:4 5 0.1
1.5827743273945123

:5 5 0.1
1.3586966497162207

:6 5 0.1
1.2513743200750127

:7 5 0.1
1.1606256067102405

:8 5 0.1
1.1042047686074363

:9 5 0.1
1.0495722082066623

:10 5 0.1
1.0009338082550505

:11 5 0.1
0.9378636971206471

:12 5 0.1
0.9455096045265342

:13 5 0.1
0.8700682983183627

:14 5 0.1
0.8329855293494467

:15 5 0.1
0.8151481685451002

:16 5 0.1
0.8000640289067116

:17 5 0.1
0.7839449277303959

:18 5 0.1
0.7608344599044679

:19 5 0.1
0.7429506284258426

:20 5 0.1
0.7245947680526

:21 5 0.1
0.7051312194594176

:22 5 0.1
0.6825913400342943

:23 5 0.1
0.6677612639049322

:24 5 0.1
0.6567334346891721

:25 5 0.1
0.645146669608635

:26 5 0.1
0.613720392808908

:27 5 0.1
0.6106307955712137

:28 5 0.1
0.5931072294806888

:29 5 0.1
0.5622244008829619

:30 5 0.1
0.5609167485699761

:31 5 0.1
0.5271285937411232

:32 5 0.1
0.5382508224316197

:33 5 0.1
0.520942806057822

:34 5 0.1
0.5048531145150639

:35 5 0.1
0.48856104211794854

:36 5 0.1
0.48279293099942394

:37 5 0.1
0.4592670179643288

:38 5 0.1
0.4498479084430349

:39 5 0.1
0.46305614969024805

:40 5 0.1
0.44675090071252604

:41 5 0.1
0.4232518219946358

:42 5 0.1
0.4408932985247991

:43 5 0.1
0.4332321334223494

:44 5 0.1
0.42194961300092904

:45 5 0.1
0.4139894168863132

:46 5 0.1
0.4180444924990189

:47 5 0.1
0.402899449330312

:48 5 0.1
0.407065177682474

:49 5 0.1
0.4220395646293758

:50 5 0.1
0.3761367605991474

:2 5 0.01
1.9999927494484029

:3 5 0.01
1.7301302256104358

:4 5 0.01
1.6197359447626691

:5 5 0.01
1.3952014796544912

:6 5 0.01
1.393148602244813

:7 5 0.01
1.1921929460297727

:8 5 0.01
1.1701660716574542

:9 5 0.01
1.1238048139544679

:10 5 0.01
1.0563896382346372

:11 5 0.01
0.9859269819443077

:12 5 0.01
1.0356122721028906

:13 5 0.01
0.8985362337276844

:14 5 0.01
0.8852574572703845

:15 5 0.01
0.8499816516233758

:16 5 0.01
0.8397964188177288

:17 5 0.01
0.8304476813551646

:18 5 0.01
0.8020898452902947

:19 5 0.01
0.7641785227801168

:20 5 0.01
0.7778912440687938

:21 5 0.01
0.7499780834660288

:22 5 0.01
0.7390984154351039

:23 5 0.01
0.694426386489252

:24 5 0.01
0.7031977627829128

:25 5 0.01
0.6841829412462972

:26 5 0.01
0.6724094710314971

:27 5 0.01
0.6690946739399538

:28 5 0.01
0.6442430525612024

:29 5 0.01
0.6252836193619038

:30 5 0.01
0.6320364756831985

:31 5 0.01
0.6215471938457254

:32 5 0.01
0.6265505958880356

:33 5 0.01
0.5826648087929088

:34 5 0.01
0.575299621723891

:35 5 0.01
0.5746903663829366

:36 5 0.01
0.5659393562344851

:37 5 0.01
0.5452242492318325

:38 5 0.01
0.5496478163137556

:39 5 0.01
0.5444615951434496

:40 5 0.01
0.5349919250920555

:41 5 0.01
0.5166394787280164

:42 5 0.01
0.5153163627341062

:43 5 0.01
0.5048829610855933

:44 5 0.01
0.5096439953783889

:45 5 0.01
0.49886467135637047

:46 5 0.01
0.4969499793335981

:47 5 0.01
0.4735492083560022

:48 5 0.01
0.48999626873675206

:49 5 0.01
0.46504409036650957

:50 5 0.01
0.47700962503853

:2 5 0.001
1.9999980802759492

:3 5 0.001
1.731437290504793

:4 5 0.001
1.6320936269111355

:5 5 0.001
1.412136011355277

:6 5 0.001
1.4121948620182299

:7 5 0.001
1.1952180661416627

:8 5 0.001
1.1698674215730003

:9 5 0.001
1.1345582493251716

:10 5 0.001
1.0639043430072592

:11 5 0.001
0.9835476638443819

:12 5 0.001
1.0502272703063895

:13 5 0.001
0.8973765886296151

:14 5 0.001
0.8904559617006069

:15 5 0.001
0.8389595553015688

:16 5 0.001
0.8340878335837201

:17 5 0.001
0.8299498063766988

:18 5 0.001
0.7995819585557703

:19 5 0.001
0.7715549948405367

:20 5 0.001
0.7850465876178193

:21 5 0.001
0.7492676640075514

:22 5 0.001
0.7383608513952716

:23 5 0.001
0.7043615151133662

:24 5 0.001
0.7209585478059183

:25 5 0.001
0.680856618593841

:26 5 0.001
0.6698759068799048

:27 5 0.001
0.6713458809504936

:28 5 0.001
0.649652388411409

:29 5 0.001
0.6242033613733421

:30 5 0.001
0.6303430566348774

:31 5 0.001
0.6169661072517466

:32 5 0.001
0.6375346404591135

:33 5 0.001
0.5846805907547769

:34 5 0.001
0.5866594220401407

:35 5 0.001
0.5692354087580817

:36 5 0.001
0.5727426717718521

:37 5 0.001
0.5596233805245935

:38 5 0.001
0.5486935752855348

:39 5 0.001
0.5464388075551309

:40 5 0.001
0.5321677836893205

:41 5 0.001
0.5323362723605847

:42 5 0.001
0.5123208703164553

:43 5 0.001
0.5203845413383662

:44 5 0.001
0.5164423541306242

:45 5 0.001
0.508555755403557

:46 5 0.001
0.49874076864883515

:47 5 0.001
0.4945068403097504

:48 5 0.001
0.49111452814333245

:49 5 0.001
0.47648524135693604

:50 5 0.001
0.46634505396976106

:2 5 0.0001
1.9999994078559977

:3 5 0.0001
1.731913425690416

:4 5 0.0001
1.632646153596861

:5 5 0.0001
1.412731018367894

:6 5 0.0001
1.4136984845875704

:7 5 0.0001
1.1955896320535317

:8 5 0.0001
1.1706054661650986

:9 5 0.0001
1.130801136855313

:10 5 0.0001
1.0600938090091578

:11 5 0.0001
0.9829827185776465

:12 5 0.0001
1.0512637910945066

:13 5 0.0001
0.8954341588485648

:14 5 0.0001
0.8899230714574172

:15 5 0.0001
0.8376299984648009

:16 5 0.0001
0.8411671919292583

:17 5 0.0001
0.8392028244374324

:18 5 0.0001
0.8047291865869365

:19 5 0.0001
0.7726966686089392

:20 5 0.0001
0.7853583433482347

:21 5 0.0001
0.7480999435887529

:22 5 0.0001
0.7391771774286963

:23 5 0.0001
0.7003617286216522

:24 5 0.0001
0.717750494142591

:25 5 0.0001
0.6796889109081699

:26 5 0.0001
0.6696834437246258

:27 5 0.0001
0.6740954296956474

:28 5 0.0001
0.6494294150601291

:29 5 0.0001
0.6240949784801724

:30 5 0.0001
0.6328575503769333

:31 5 0.0001
0.5967487410313937

:32 5 0.0001
0.6394847407529676

:33 5 0.0001
0.5835357880285412

:34 5 0.0001
0.5788200712188163

:35 5 0.0001
0.5695226597086561

:36 5 0.0001
0.566047425868362

:37 5 0.0001
0.5546834996190326

:38 5 0.0001
0.5538543058133929

:39 5 0.0001
0.542801539287092

:40 5 0.0001
0.5332294640841014

:41 5 0.0001
0.528018227546377

:42 5 0.0001
0.5381144763778495

:43 5 0.0001
0.522302581295414

:44 5 0.0001
0.5257045136045445

:45 5 0.0001
0.503533269561578

:46 5 0.0001
0.50127856315348

:47 5 0.0001
0.49334355896347004

:48 5 0.0001
0.5042080902486493

:49 5 0.0001
0.48828599275822643

:50 5 0.0001
0.4755206057176309

:2 3 0.1
1.9992171354980044

:3 3 0.1
1.7080816914745363

:4 3 0.1
1.5565648401782954

:5 3 0.1
1.3730465208070133

:6 3 0.1
1.2596737160311602

:7 3 0.1
1.1516618630062159

:8 3 0.1
1.1135184461639291

:9 3 0.1
1.054190266521658

:10 3 0.1
0.991600905606631

:11 3 0.1
0.9354000060724209

:12 3 0.1
0.9585703108652659

:13 3 0.1
0.8767492823828297

:14 3 0.1
0.8284479743510854

:15 3 0.1
0.8382721728668945

:16 3 0.1
0.792915129075693

:17 3 0.1
0.7749775481067877

:18 3 0.1
0.7672230878478751

:19 3 0.1
0.747987047542122

:20 3 0.1
0.7276034632747942

:21 3 0.1
0.6999731344402442

:22 3 0.1
0.696296135392647

:23 3 0.1
0.6713754878905157

:24 3 0.1
0.6722864260238935

:25 3 0.1
0.6456563485055079

:26 3 0.1
0.6133089249940559

:27 3 0.1
0.6114787472279349

:28 3 0.1
0.5743177915873464

:29 3 0.1
0.5659399570365355

:30 3 0.1
0.5609041515861853

:31 3 0.1
0.5398837397040422

:32 3 0.1
0.5465974644196695

:33 3 0.1
0.5150259106618368

:34 3 0.1
0.53012917482364

:35 3 0.1
0.5128607348719633

:36 3 0.1
0.5065534145178877

:37 3 0.1
0.4898597099667757

:38 3 0.1
0.47633836376587896

:39 3 0.1
0.4823477519134644

:40 3 0.1
0.4671955092311632

:41 3 0.1
0.46935361072101917

:42 3 0.1
0.45110678221228934

:43 3 0.1
0.4640717401689663

:44 3 0.1
0.43653401823183985

:45 3 0.1
0.4318171335029441

:46 3 0.1
0.42503710280527146

:47 3 0.1
0.4235910233776612

:48 3 0.1
0.4209451350194937

:49 3 0.1
0.41275236816067284

:50 3 0.1
0.4143914080068625

:2 3 0.01
1.9999943374863909

:3 3 0.01
1.7270390507837978

:4 3 0.01
1.6180685634671181

:5 3 0.01
1.4075885455006978

:6 3 0.01
1.4006544623712

:7 3 0.01
1.1896162103221837

:8 3 0.01
1.1556429752523962

:9 3 0.01
1.122957733932216

:10 3 0.01
1.0567825942419256

:11 3 0.01
0.990309913644781

:12 3 0.01
1.0395626863545833

:13 3 0.01
0.9057705136698339

:14 3 0.01
0.8862649956458369

:15 3 0.01
0.8430815511102036

:16 3 0.01
0.8305339101834733

:17 3 0.01
0.8321806676243

:18 3 0.01
0.8061568568909318

:19 3 0.01
0.7698229199617379

:20 3 0.01
0.7873089155534855

:21 3 0.01
0.7496787150194835

:22 3 0.01
0.7380162820394984

:23 3 0.01
0.7049412144339692

:24 3 0.01
0.7163283528675112

:25 3 0.01
0.6851190234578796

:26 3 0.01
0.6717111208631792

:27 3 0.01
0.6710209530492114

:28 3 0.01
0.6446450528955013

:29 3 0.01
0.6217025257896808

:30 3 0.01
0.6204906584327524

:31 3 0.01
0.6210222197680505

:32 3 0.01
0.6262302047422061

:33 3 0.01
0.5882195639788114

:34 3 0.01
0.573103034422706

:35 3 0.01
0.5749969545946668

:36 3 0.01
0.5578135491352596

:37 3 0.01
0.5575073246117155

:38 3 0.01
0.5468411148398217

:39 3 0.01
0.5394978350427977

:40 3 0.01
0.5424454042311865

:41 3 0.01
0.529382791471566

:42 3 0.01
0.5254859486089988

:43 3 0.01
0.5234077934571745

:44 3 0.01
0.49872605878848053

:45 3 0.01
0.49402310608420846

:46 3 0.01
0.49998707637993717

:47 3 0.01
0.48663035962482454

:48 3 0.01
0.4821948199045039

:49 3 0.01
0.4792295991687267

:50 3 0.01
0.4734487580537508

:2 3 0.001
1.999997406086887

:3 3 0.001
1.7316105632057555

:4 3 0.001
1.6313858347701

:5 3 0.001
1.4122697209274362

:6 3 0.001
1.4116758199065478

:7 3 0.001
1.197608544935844

:8 3 0.001
1.1701473705354866

:9 3 0.001
1.1298360686925297

:10 3 0.001
1.0664749319751172

:11 3 0.001
0.9876762559163471

:12 3 0.001
1.0502278464919022

:13 3 0.001
0.890901401316782

:14 3 0.001
0.8756865370696104

:15 3 0.001
0.8395586206274489

:16 3 0.001
0.8435955775727032

:17 3 0.001
0.8346262546383297

:18 3 0.001
0.7993549694103677

:19 3 0.001
0.7613659322067202

:20 3 0.001
0.7882756343330667

:21 3 0.001
0.7492517843480666

:22 3 0.001
0.7390510857688287

:23 3 0.001
0.7020612455341628

:24 3 0.001
0.7100190399999788

:25 3 0.001
0.6842753966007468

:26 3 0.001
0.6661232271610772

:27 3 0.001
0.6712133339025281

:28 3 0.001
0.6480776029158718

:29 3 0.001
0.6198903654292125

:30 3 0.001
0.6313820953821778

:31 3 0.001
0.6157894053027625

:32 3 0.001
0.6378802226359772

:33 3 0.001
0.5819785118231158

:34 3 0.001
0.585669591113105

:35 3 0.001
0.5735472876565513

:36 3 0.001
0.5599798604249102

:37 3 0.001
0.5607563047414756

:38 3 0.001
0.5564419333503371

:39 3 0.001
0.5451639856425395

:40 3 0.001
0.5456921060812421

:41 3 0.001
0.5128869725708889

:42 3 0.001
0.5366779963797933

:43 3 0.001
0.5118181689589666

:44 3 0.001
0.504419141611475

:45 3 0.001
0.49728362396070636

:46 3 0.001
0.5002829094573323

:47 3 0.001
0.48905285472117527

:48 3 0.001
0.5025302593689215

:49 3 0.001
0.47779536860781774

:50 3 0.001
0.47316021126282326

:2 3 0.0001
1.9999999522992387

:3 3 0.0001
1.7319245673427028

:4 3 0.0001
1.6328674072187175

:5 3 0.0001
1.4120751023337963

:6 3 0.0001
1.4139567465400615

:7 3 0.0001
1.1844306031142648

:8 3 0.0001
1.1639837998816336

:9 3 0.0001
1.1282534702176927

:10 3 0.0001
1.059296440127661

:11 3 0.0001
0.9881679383589222

:12 3 0.0001
1.0513145415565734

:13 3 0.0001
0.8857956798486021

:14 3 0.0001
0.8801375323641069

:15 3 0.0001
0.8389581492533432

:16 3 0.0001
0.8295037586319055

:17 3 0.0001
0.8212330873564323

:18 3 0.0001
0.7994241391386588

:19 3 0.0001
0.7689177663350555

:20 3 0.0001
0.7853900131464931

:21 3 0.0001
0.7489849915839805

:22 3 0.0001
0.7285471442531187

:23 3 0.0001
0.7015887123055055

:24 3 0.0001
0.7188120751337519

:25 3 0.0001
0.6826582222438281

:26 3 0.0001
0.6674293693539027

:27 3 0.0001
0.679933286452839

:28 3 0.0001
0.6495834007252423

:29 3 0.0001
0.6260023481347132

:30 3 0.0001
0.6371928701947729

:31 3 0.0001
0.6244079150510439

:32 3 0.0001
0.638134698228603

:33 3 0.0001
0.5787891653311966

:34 3 0.0001
0.5793127296462304

:35 3 0.0001
0.5743779017977414

:36 3 0.0001
0.5700587026760021

:37 3 0.0001
0.5513688646669462

:38 3 0.0001
0.5577317209914557

:39 3 0.0001
0.5403949408228222

:40 3 0.0001
0.5420691802210647

:41 3 0.0001
0.5342463345440421

:42 3 0.0001
0.5204774114061399

:43 3 0.0001
0.5230340102021759

:44 3 0.0001
0.5048364640989076

:45 3 0.0001
0.5126043822773833

:46 3 0.0001
0.49561445365282214

:47 3 0.0001
0.4898548867378867

:48 3 0.0001
0.49131268699516734

:49 3 0.0001
0.4877064896266883

:50 3 0.0001
0.4829981344271037

:2 2 0.1
1.9979980788959868

:3 2 0.1
1.7149399607159068

:4 2 0.1
1.5913432958549552

:5 2 0.1
1.352078927173652

:6 2 0.1
1.3370562065300444

:7 2 0.1
1.1607059610166832

:8 2 0.1
1.13637948562881

:9 2 0.1
1.051603371797618

:10 2 0.1
1.023721269418086

:11 2 0.1
0.9263438067060169

:12 2 0.1
0.9565394893468749

:13 2 0.1
0.8799911602435039

:14 2 0.1
0.8463444498082705

:15 2 0.1
0.825969349871731

:16 2 0.1
0.8066844178208354

:17 2 0.1
0.7905156022702474

:18 2 0.1
0.7565048690168049

:19 2 0.1
0.7289477019547753

:20 2 0.1
0.7178853296604726

:21 2 0.1
0.706775234075633

:22 2 0.1
0.6960744272795808

:23 2 0.1
0.6722019480324307

:24 2 0.1
0.6684741483028102

:25 2 0.1
0.6335785131308147

:26 2 0.1
0.6402559888611129

:27 2 0.1
0.6132038145144408

:28 2 0.1
0.6057448386231254

:29 2 0.1
0.5808633528749321

:30 2 0.1
0.5616638940972014

:31 2 0.1
0.5455894470685455

:32 2 0.1
0.5561218066173849

:33 2 0.1
0.5311876702889485

:34 2 0.1
0.5301287925066424

:35 2 0.1
0.5214442320380566

:36 2 0.1
0.5119623498638775

:37 2 0.1
0.4974170331884882

:38 2 0.1
0.49137861101992814

:39 2 0.1
0.4812113924146773

:40 2 0.1
0.481371984648602

:41 2 0.1
0.4684016586308512

:42 2 0.1
0.4690947880158986

:43 2 0.1
0.4674318791705841

:44 2 0.1
0.443138239065238

:45 2 0.1
0.46064012870071963

:46 2 0.1
0.43385357353423043

:47 2 0.1
0.4237458625661212

:48 2 0.1
0.4392637312985635

:49 2 0.1
0.41856098493577054

:50 2 0.1
0.4131143944967051

:2 2 0.01
1.9999964942935067

:3 2 0.01
1.72995036931316

:4 2 0.01
1.6193071483848123

:5 2 0.01
1.4084304750589236

:6 2 0.01
1.4008021923426126

:7 2 0.01
1.2090292102260563

:8 2 0.01
1.1619227574274673

:9 2 0.01
1.1152692009616059

:10 2 0.01
1.0528601147957415

:11 2 0.01
0.9839398706169064

:12 2 0.01
1.0376438557617946

:13 2 0.01
0.8958797332662004

:14 2 0.01
0.8880543701518716

:15 2 0.01
0.8518076262341254

:16 2 0.01
0.839112418104735

:17 2 0.01
0.8366749127088756

:18 2 0.01
0.8000408155991162

:19 2 0.01
0.771421070447861

:20 2 0.01
0.7811821751911922

:21 2 0.01
0.7524414218128271

:22 2 0.01
0.7372616399467952

:23 2 0.01
0.7049375097437961

:24 2 0.01
0.7166575200242806

:25 2 0.01
0.6837019604301445

:26 2 0.01
0.6706801269645558

:27 2 0.01
0.6712765779405722

:28 2 0.01
0.6458725117986518

:29 2 0.01
0.6235663180096572

:30 2 0.01
0.6297239532766017

:31 2 0.01
0.6045723137902802

:32 2 0.01
0.626522028617357

:33 2 0.01
0.5789652928614458

:34 2 0.01
0.5755437213430871

:35 2 0.01
0.5661881909534474

:36 2 0.01
0.5641587664877034

:37 2 0.01
0.5579640696419388

:38 2 0.01
0.5484004048078078

:39 2 0.01
0.5281527859997778

:40 2 0.01
0.5335533362423197

:41 2 0.01
0.5299580206391417

:42 2 0.01
0.5252357429415039

:43 2 0.01
0.5088045072980172

:44 2 0.01
0.49944493594195877

:45 2 0.01
0.49572750836742413

:46 2 0.01
0.4904273421187549

:47 2 0.01
0.4907124210126316

:48 2 0.01
0.4754287320482173

:49 2 0.01
0.47497454076887974

:50 2 0.01
0.48124726080410535

:2 2 0.001
1.9999991405331699

:3 2 0.001
1.7310830143575264

:4 2 0.001
1.632186671774557

:5 2 0.001
1.4094052443378997

:6 2 0.001
1.4122832844752156

:7 2 0.001
1.204240535391791

:8 2 0.001
1.1673778285430625

:9 2 0.001
1.1221219943836513

:10 2 0.001
1.0601136414283607

:11 2 0.001
0.9834143017780995

:12 2 0.001
1.050299392984394

:13 2 0.001
0.8958610059816099

:14 2 0.001
0.892053090326498

:15 2 0.001
0.8391755185984052

:16 2 0.001
0.8287748679872257

:17 2 0.001
0.8446515883445357

:18 2 0.001
0.8036247136103971

:19 2 0.001
0.7688447774234776

:20 2 0.001
0.7875870298860154

:21 2 0.001
0.749073500654859

:22 2 0.001
0.7415019705511502

:23 2 0.001
0.6963153074006893

:24 2 0.001
0.7196695548642565

:25 2 0.001
0.685648120857119

:26 2 0.001
0.671094448738525

:27 2 0.001
0.6719161592771834

:28 2 0.001
0.6482648967096197

:29 2 0.001
0.6248888404440646

:30 2 0.001
0.6312053576701568

:31 2 0.001
0.6033833944265037

:32 2 0.001
0.6369566933900996

:33 2 0.001
0.5869224431507758

:34 2 0.001
0.5789118834432996

:35 2 0.001
0.5654287935575559

:36 2 0.001
0.5666767375285954

:37 2 0.001
0.5569737890736213

:38 2 0.001
0.5551980968975001

:39 2 0.001
0.5415179580482802

:40 2 0.001
0.5311286225015998

:41 2 0.001
0.5423092455056221

:42 2 0.001
0.5119896168729253

:43 2 0.001
0.5152419233491748

:44 2 0.001
0.5050859359502091

:45 2 0.001
0.5049035944614118

:46 2 0.001
0.49518383695506757

:47 2 0.001
0.4954825676659216

:48 2 0.001
0.4991239170514436

:49 2 0.001
0.4902878859944024

:50 2 0.001
0.4801568662822581

:2 2 0.0001
1.9999998015633416

:3 2 0.0001
1.731863409056529

:4 2 0.0001
1.6328200467944498

:5 2 0.0001
1.4103639557025611

:6 2 0.0001
1.4139937058592345

:7 2 0.0001
1.1898946690079584

:8 2 0.0001
1.1766270298677761

:9 2 0.0001
1.1226916675070613

:10 2 0.0001
1.0704502156907836

:11 2 0.0001
0.987020173821695

:12 2 0.0001
1.0512520222006696

:13 2 0.0001
0.9107100279436723

:14 2 0.0001
0.8889416253023815

:15 2 0.0001
0.8370842884825115

:16 2 0.0001
0.8316251012459764

:17 2 0.0001
0.8400471879859986

:18 2 0.0001
0.8050100542301339

:19 2 0.0001
0.7693810610721762

:20 2 0.0001
0.7841803824556335

:21 2 0.0001
0.7481802340990621

:22 2 0.0001
0.7369910055446091

:23 2 0.0001
0.6984840709331684

:24 2 0.0001
0.7199962962733787

:25 2 0.0001
0.6829228794752683

:26 2 0.0001
0.6706285359721212

:27 2 0.0001
0.6736084927245503

:28 2 0.0001
0.6501671216701373

:29 2 0.0001
0.6251077998033723

:30 2 0.0001
0.6319940712216267

:31 2 0.0001
0.6193863958502684

:32 2 0.0001
0.6404123369525035

:33 2 0.0001
0.5801114771359638

:34 2 0.0001
0.5783650676637321

:35 2 0.0001
0.5746190963190453

:36 2 0.0001
0.5626400522969018

:37 2 0.0001
0.556443206566278

:38 2 0.0001
0.5558673669487653

:39 2 0.0001
0.5354813696070385

:40 2 0.0001
0.5399087580187336

:41 2 0.0001
0.5238113951507131

:42 2 0.0001
0.5139065762237955

:43 2 0.0001
0.5189428869629868

:44 2 0.0001
0.5130219672968933

:45 2 0.0001
0.49910179258112913

:46 2 0.0001
0.5080245071562209

:47 2 0.0001
0.49210912382200606

:48 2 0.0001
0.49788802688985717

:49 2 0.0001
0.47353327260262096

:50 2 0.0001
0.4809208058459613

:2 1 0.1
1.9998535711640482

:3 1 0.1
1.7248982837847195

:4 1 0.1
1.5657510162562935

:5 1 0.1
1.35269698804467

:6 1 0.1
1.3396296856316174

:7 1 0.1
1.195945502331761

:8 1 0.1
1.111837853528225

:9 1 0.1
1.0582016310014317

:10 1 0.1
1.0188071241175016

:11 1 0.1
0.9475980966649212

:12 1 0.1
0.9461317817265011

:13 1 0.1
0.8887093175151676

:14 1 0.1
0.8556512635983834

:15 1 0.1
0.8220491905935727

:16 1 0.1
0.8127503336999035

:17 1 0.1
0.797449206724644

:18 1 0.1
0.7679676177092797

:19 1 0.1
0.7449353473026611

:20 1 0.1
0.727050816498401

:21 1 0.1
0.7120197366030397

:22 1 0.1
0.704891966580372

:23 1 0.1
0.6624779251383134

:24 1 0.1
0.6686665399253249

:25 1 0.1
0.6428903176969541

:26 1 0.1
0.6324216816999476

:27 1 0.1
0.6129731396806279

:28 1 0.1
0.602619158756373

:29 1 0.1
0.5722235671818998

:30 1 0.1
0.5803712147477055

:31 1 0.1
0.5616564058670425

:32 1 0.1
0.5756301246642106

:33 1 0.1
0.5390323664886599

:34 1 0.1
0.5262060410565468

:35 1 0.1
0.5221927519921602

:36 1 0.1
0.5194186526662113

:37 1 0.1
0.5135498228679193

:38 1 0.1
0.5093060345394246

:39 1 0.1
0.4987893323002907

:40 1 0.1
0.47805312332328675

:41 1 0.1
0.4881345547620857

:42 1 0.1
0.46772649869799765

:43 1 0.1
0.47005882713350156

:44 1 0.1
0.4604937409823772

:45 1 0.1
0.4565057406508111

:46 1 0.1
0.45559457553434646

:47 1 0.1
0.44192195579402477

:48 1 0.1
0.4358303283610412

:49 1 0.1
0.4440984943118713

:50 1 0.1
0.42287497164826443

:2 1 0.01
1.9999761695874367

:3 1 0.01
1.729833913359351

:4 1 0.01
1.63025040035181

:5 1 0.01
1.3856486142303177

:6 1 0.01
1.4026220262843179

:7 1 0.01
1.205199464655039

:8 1 0.01
1.165018494778683

:9 1 0.01
1.1188165175241653

:10 1 0.01
1.064848995720573

:11 1 0.01
0.9870692953541665

:12 1 0.01
1.0410570992366108

:13 1 0.01
0.9019093094273125

:14 1 0.01
0.8872503798135482

:15 1 0.01
0.8486379420206761

:16 1 0.01
0.8444311130895498

:17 1 0.01
0.8397385015756752

:18 1 0.01
0.8057194180276412

:19 1 0.01
0.7705331360488631

:20 1 0.01
0.7746963544579922

:21 1 0.01
0.7509972221644862

:22 1 0.01
0.727431498124434

:23 1 0.01
0.7034676788528959

:24 1 0.01
0.7161002956197774

:25 1 0.01
0.6827895712248667

:26 1 0.01
0.6686772849600677

:27 1 0.01
0.6707139502952084

:28 1 0.01
0.6452673522956549

:29 1 0.01
0.6288973102717496

:30 1 0.01
0.6310109607320132

:31 1 0.01
0.6174325728036619

:32 1 0.01
0.6163974634697206

:33 1 0.01
0.5902679772506527

:34 1 0.01
0.5754918710581716

:35 1 0.01
0.570306430750149

:36 1 0.01
0.5653933048197328

:37 1 0.01
0.5530189820427469

:38 1 0.01
0.5487945039132187

:39 1 0.01
0.5398552325729931

:40 1 0.01
0.5383258757817312

:41 1 0.01
0.5272797827602589

:42 1 0.01
0.5253889656216195

:43 1 0.01
0.5213393797659408

:44 1 0.01
0.5234029135303802

:45 1 0.01
0.5132508408578303

:46 1 0.01
0.4997765722864669

:47 1 0.01
0.4931090964092984

:48 1 0.01
0.4865101848068964

:49 1 0.01
0.4852297510964316

:50 1 0.01
0.48434042061734567

:2 1 0.001
1.999997644570475

:3 1 0.001
1.7319923859315045

:4 1 0.001
1.6315739284675095

:5 1 0.001
1.4129598415427225

:6 1 0.001
1.4127065798227347

:7 1 0.001
1.195845194146581

:8 1 0.001
1.1529204924698748

:9 1 0.001
1.1223208081680223

:10 1 0.001
1.0588867539402405

:11 1 0.001
0.9880471565272323

:12 1 0.001
1.0502026309287456

:13 1 0.001
0.8950929499974155

:14 1 0.001
0.8921407335507511

:15 1 0.001
0.8465137758560958

:16 1 0.001
0.832113779460947

:17 1 0.001
0.8320681559605351

:18 1 0.001
0.8005028170635388

:19 1 0.001
0.7694564263827762

:20 1 0.001
0.7855029174770851

:21 1 0.001
0.7485720808145214

:22 1 0.001
0.7403995571778926

:23 1 0.001
0.706419045924333

:24 1 0.001
0.7157133804335892

:25 1 0.001
0.6805987467752397

:26 1 0.001
0.6665524137900715

:27 1 0.001
0.6718926719020099

:28 1 0.001
0.6476549351249118

:29 1 0.001
0.624324350518782

:30 1 0.001
0.6310998261137422

:31 1 0.001
0.6170018993184049

:32 1 0.001
0.5822422123180366

:33 1 0.001
0.5803213643516634

:34 1 0.001
0.5799954351073997

:35 1 0.001
0.5776265467392361

:36 1 0.001
0.5710789067486167

:37 1 0.001
0.5588067788305282

:38 1 0.001
0.5551806989142135

:39 1 0.001
0.5486665868260837

:40 1 0.001
0.53738857337396

:41 1 0.001
0.5211453929586508

:42 1 0.001
0.5241349645575728

:43 1 0.001
0.5322228452346511

:44 1 0.001
0.5250511885349066

:45 1 0.001
0.5106903369724389

:46 1 0.001
0.5033640301295247

:47 1 0.001
0.49286637332553745

:48 1 0.001
0.48864373277897627

:49 1 0.001
0.4854053952477153

:50 1 0.001
0.4841711182751116

:2 1 0.0001
1.9999997711910094

:3 1 0.0001
1.7319948613559897

:4 1 0.0001
1.632870308638381

:5 1 0.0001
1.4130374299351205

:6 1 0.0001
1.4140090396100717

:7 1 0.0001
1.1772893551651828

:8 1 0.0001
1.1720550473792668

:9 1 0.0001
1.1322306972163776

:10 1 0.0001
1.0660311476032387

:11 1 0.0001
0.9838070113333384

:12 1 0.0001
1.0513289450045236

:13 1 0.0001
0.8965104833973901

:14 1 0.0001
0.8925441317419355

:15 1 0.0001
0.8427540661511514

:16 1 0.0001
0.8310330982799675

:17 1 0.0001
0.8300944260165326

:18 1 0.0001
0.8067925160215289

:19 1 0.0001
0.7708191239549201

:20 1 0.0001
0.7843159088446727

:21 1 0.0001
0.7507348534818248

:22 1 0.0001
0.7396710011295412

:23 1 0.0001
0.6941759186017996

:24 1 0.0001
0.7207908249809715

:25 1 0.0001
0.6814259273010382

:26 1 0.0001
0.6698074325638429

:27 1 0.0001
0.6740270889451624

:28 1 0.0001
0.6480167765977041

:29 1 0.0001
0.6221857349503587

:30 1 0.0001
0.634115309447994

:31 1 0.0001
0.6195703940496172

:32 1 0.0001
0.6399238220008848

:33 1 0.0001
0.5804299253757055

:34 1 0.0001
0.5719012622064997

:35 1 0.0001
0.573647783029003

:36 1 0.0001
0.5593457704724171

:37 1 0.0001
0.5538053105074953

:38 1 0.0001
0.5492762078448957

:39 1 0.0001
0.5490715121674536

:40 1 0.0001
0.5297287417873947

:41 1 0.0001
0.53439652047713

:42 1 0.0001
0.5150629505716374

:43 1 0.0001
0.5035848476516093

:44 1 0.0001
0.518005303027056

:45 1 0.0001
0.5141989418302131

:46 1 0.0001
0.4992791990806711

:47 1 0.0001
0.4895824049850383

:48 1 0.0001
0.47928006847973365

:49 1 0.0001
0.48718183155100747

:50 1 0.0001
0.47476326867298074

