:2 5 0.1
1.9949950239729775

:3 5 0.1
1.713153734104364

:4 5 0.1
1.5909574985029333

:5 5 0.1
1.341628451358323

:6 5 0.1
1.328331081949064

:7 5 0.1
1.1540947405105417

:8 5 0.1
1.0587109957442589

:9 5 0.1
1.0485964219257313

:10 5 0.1
0.9702206951155564

:11 5 0.1
0.9243571190394708

:12 5 0.1
0.9017488726249506

:13 5 0.1
0.8665809074593788

:14 5 0.1
0.8525154102695341

:15 5 0.1
0.8196150656745741

:16 5 0.1
0.7957025683259452

:17 5 0.1
0.7856301632564248

:18 5 0.1
0.7444458726863444

:19 5 0.1
0.7236387807615787

:20 5 0.1
0.7184070690157042

:21 5 0.1
0.7077730049234227

:22 5 0.1
0.6819641638752114

:23 5 0.1
0.6613508373557639

:24 5 0.1
0.6728694494634583

:25 5 0.1
0.633379829759079

:26 5 0.1
0.6359319281654151

:27 5 0.1
0.6138908684931749

:28 5 0.1
0.5738271052143443

:29 5 0.1
0.5705545044053311

:30 5 0.1
0.5445191391084706

:31 5 0.1
0.5109809882732868

:32 5 0.1
0.5219370214983104

:33 5 0.1
0.5172603737270901

:34 5 0.1
0.4941643547291521

:35 5 0.1
0.48844750110669805

:36 5 0.1
0.4759450225479626

:37 5 0.1
0.4771367341152792

:38 5 0.1
0.47316763715033133

:39 5 0.1
0.4573301121103417

:40 5 0.1
0.44285354559157536

:41 5 0.1
0.4320267348019775

:42 5 0.1
0.4381349265724301

:43 5 0.1
0.43266581740470045

:44 5 0.1
0.4284947323162551

:45 5 0.1
0.43676435043916745

:46 5 0.1
0.4100039759262359

:47 5 0.1
0.40128557061481634

:48 5 0.1
0.3989019506460078

:49 5 0.1
0.4047329264172846

:50 5 0.1
0.39517728768309884

:2 5 0.01
1.999950793467981

:3 5 0.01
1.7287407089789883

:4 5 0.01
1.6167508651452123

:5 5 0.01
1.3925311401585392

:6 5 0.01
1.4058397390554134

:7 5 0.01
1.2052318814239016

:8 5 0.01
1.1646043447303955

:9 5 0.01
1.1202482287623439

:10 5 0.01
1.06487056567658

:11 5 0.01
0.9855822279073426

:12 5 0.01
1.0390419727788263

:13 5 0.01
0.9190622093554306

:14 5 0.01
0.8921500618396309

:15 5 0.01
0.8383087514332606

:16 5 0.01
0.8386878689091687

:17 5 0.01
0.8310068638073479

:18 5 0.01
0.8059695041551046

:19 5 0.01
0.765464918070497

:20 5 0.01
0.7775895154604681

:21 5 0.01
0.7494156985054311

:22 5 0.01
0.73975096242855

:23 5 0.01
0.7050116029697899

:24 5 0.01
0.7135251993183346

:25 5 0.01
0.6842708923190939

:26 5 0.01
0.6721681080106756

:27 5 0.01
0.6692103999819231

:28 5 0.01
0.6356406820175934

:29 5 0.01
0.6232594547967338

:30 5 0.01
0.6290569886709975

:31 5 0.01
0.6197475370827483

:32 5 0.01
0.6265252952932009

:33 5 0.01
0.5782514893766322

:34 5 0.01
0.5728985510142747

:35 5 0.01
0.5681324093514998

:36 5 0.01
0.5630797318045551

:37 5 0.01
0.5587271446090795

:38 5 0.01
0.5523166643767125

:39 5 0.01
0.5424593206525354

:40 5 0.01
0.5359032500321265

:41 5 0.01
0.5226758307814326

:42 5 0.01
0.5193629039106603

:43 5 0.01
0.5179713237611955

:44 5 0.01
0.5241203461443947

:45 5 0.01
0.5030658895237154

:46 5 0.01
0.4922781637180396

:47 5 0.01
0.48683995417303577

:48 5 0.01
0.49357707148877666

:49 5 0.01
0.4773821353816467

:50 5 0.01
0.47510237236838554

:2 5 0.001
1.9999739773356822

:3 5 0.001
1.73110585462706

:4 5 0.001
1.6313306508894747

:5 5 0.001
1.4129374332697155

:6 5 0.001
1.4115840708213243

:7 5 0.001
1.1975699157941102

:8 5 0.001
1.1634908180550811

:9 5 0.001
1.1317586912373347

:10 5 0.001
1.0710590121271177

:11 5 0.001
0.9849700690317841

:12 5 0.001
1.0503665914049287

:13 5 0.001
0.8941081440422048

:14 5 0.001
0.8780927276756866

:15 5 0.001
0.8456236838362415

:16 5 0.001
0.8303003000163297

:17 5 0.001
0.8396725230475744

:18 5 0.001
0.8020573531393675

:19 5 0.001
0.7652185595889819

:20 5 0.001
0.7875963733876342

:21 5 0.001
0.747589706052457

:22 5 0.001
0.7413819348741911

:23 5 0.001
0.7032160288628032

:24 5 0.001
0.7190468532195075

:25 5 0.001
0.6812162534467574

:26 5 0.001
0.6706565482961658

:27 5 0.001
0.6756993583497373

:28 5 0.001
0.6475653014875377

:29 5 0.001
0.6177174111197866

:30 5 0.001
0.635741928124259

:31 5 0.001
0.6149560702727888

:32 5 0.001
0.6327788299810498

:33 5 0.001
0.5844721733067303

:34 5 0.001
0.5778736927122768

:35 5 0.001
0.57308272608999

:36 5 0.001
0.5556127170781425

:37 5 0.001
0.5553152832235191

:38 5 0.001
0.5567515299823304

:39 5 0.001
0.5451105930440567

:40 5 0.001
0.5382140165890515

:41 5 0.001
0.5316584032653752

:42 5 0.001
0.5372994863579179

:43 5 0.001
0.5153809103385577

:44 5 0.001
0.5154631628669947

:45 5 0.001
0.5149318897555221

:46 5 0.001
0.502604375541834

:47 5 0.001
0.48842401775185035

:48 5 0.001
0.4864544877606762

:49 5 0.001
0.4830415205376562

:50 5 0.001
0.4744488212194979

:2 5 0.0001
1.9999999233735235

:3 5 0.0001
1.7320115798690805

:4 5 0.0001
1.6325233283258536

:5 5 0.0001
1.3918029130118406

:6 5 0.0001
1.4138862733541357

:7 5 0.0001
1.1939802892642042

:8 5 0.0001
1.1741919257737725

:9 5 0.0001
1.1249670671114544

:10 5 0.0001
1.0569648247396326

:11 5 0.0001
0.9844367647339268

:12 5 0.0001
1.05129683300566

:13 5 0.0001
0.9016184453958903

:14 5 0.0001
0.8928972205394577

:15 5 0.0001
0.839073359791137

:16 5 0.0001
0.8304493078065093

:17 5 0.0001
0.8308138058658532

:18 5 0.0001
0.8070319653694239

:19 5 0.0001
0.7625682197833825

:20 5 0.0001
0.7863464012832124

:21 5 0.0001
0.7476960011101504

:22 5 0.0001
0.7337513930993321

:23 5 0.0001
0.6997898527694363

:24 5 0.0001
0.7182809822801618

:25 5 0.0001
0.6838530543393242

:26 5 0.0001
0.6663873405376491

:27 5 0.0001
0.6798713713370309

:28 5 0.0001
0.6502400235594213

:29 5 0.0001
0.615094230002662

:30 5 0.0001
0.6297953240896789

:31 5 0.0001
0.6244691722128158

:32 5 0.0001
0.6405138735082665

:33 5 0.0001
0.5761128503375873

:34 5 0.0001
0.5722462167118777

:35 5 0.0001
0.5717107453429268

:36 5 0.0001
0.5571651015962907

:37 5 0.0001
0.5545947896180293

:38 5 0.0001
0.5509962422563481

:39 5 0.0001
0.5464256219834559

:40 5 0.0001
0.538579999028343

:41 5 0.0001
0.5357712175890114

:42 5 0.0001
0.5358489716776488

:43 5 0.0001
0.5219650545620952

:44 5 0.0001
0.5337697227438168

:45 5 0.0001
0.5003553776080917

:46 5 0.0001
0.5017451001523815

:47 5 0.0001
0.4956283856854515

:48 5 0.0001
0.48384707970158153

:49 5 0.0001
0.4853097256982415

:50 5 0.0001
0.4716322798175838

:2 3 0.1
1.9999688927002583

:3 3 0.1
1.7175684467954644

:4 3 0.1
1.5358372617012481

:5 3 0.1
1.3710366005517363

:6 3 0.1
1.3244679167392415

:7 3 0.1
1.16643056172196

:8 3 0.1
1.1121303317225328

:9 3 0.1
1.0482213619507628

:10 3 0.1
1.013101134343014

:11 3 0.1
0.9353464672753549

:12 3 0.1
0.963267441706634

:13 3 0.1
0.8844214952690325

:14 3 0.1
0.8504215679002843

:15 3 0.1
0.8315970056935132

:16 3 0.1
0.816590307134219

:17 3 0.1
0.7795001556036834

:18 3 0.1
0.7625588764310341

:19 3 0.1
0.7284607442669212

:20 3 0.1
0.725541405642359

:21 3 0.1
0.7020998522507332

:22 3 0.1
0.6972156980261858

:23 3 0.1
0.6682623050120385

:24 3 0.1
0.6687608271875392

:25 3 0.1
0.6359780605635432

:26 3 0.1
0.6280281707334046

:27 3 0.1
0.6295468568991464

:28 3 0.1
0.6019737825981825

:29 3 0.1
0.5794695920902847

:30 3 0.1
0.5710304878455987

:31 3 0.1
0.5260256259016796

:32 3 0.1
0.5501714861599661

:33 3 0.1
0.5190761555236065

:34 3 0.1
0.5255143194534718

:35 3 0.1
0.5025042125866103

:36 3 0.1
0.5037497296580481

:37 3 0.1
0.47373359358631023

:38 3 0.1
0.4840373529175817

:39 3 0.1
0.46888041356379095

:40 3 0.1
0.4533301418431217

:41 3 0.1
0.4597068018781095

:42 3 0.1
0.44573398735071174

:43 3 0.1
0.4353983060763557

:44 3 0.1
0.4553704657247717

:45 3 0.1
0.42212970232966

:46 3 0.1
0.42796277956396483

:47 3 0.1
0.41495298933425856

:48 3 0.1
0.4183973793875085

:49 3 0.1
0.4176141849196226

:50 3 0.1
0.40447891220236515

:2 3 0.01
1.999997828779568

:3 3 0.01
1.727283543340616

:4 3 0.01
1.6256729141186117

:5 3 0.01
1.3827710362955008

:6 3 0.01
1.3993564608595932

:7 3 0.01
1.1924444298971009

:8 3 0.01
1.1686756058052445

:9 3 0.01
1.1218376735202638

:10 3 0.01
1.062530134018906

:11 3 0.01
0.9860397341673806

:12 3 0.01
1.0391560714259276

:13 3 0.01
0.8970148955906924

:14 3 0.01
0.9023711273679039

:15 3 0.01
0.8499519577585812

:16 3 0.01
0.8431293255301339

:17 3 0.01
0.8298478327014371

:18 3 0.01
0.8056374978760594

:19 3 0.01
0.7691472096661904

:20 3 0.01
0.7860917288953719

:21 3 0.01
0.7492715752826403

:22 3 0.01
0.7314972535429837

:23 3 0.01
0.7038306678070013

:24 3 0.01
0.7056545374463474

:25 3 0.01
0.6835868059933677

:26 3 0.01
0.6706458359045215

:27 3 0.01
0.6706455291271998

:28 3 0.01
0.6451240226168552

:29 3 0.01
0.6248757663166038

:30 3 0.01
0.6291055978955878

:31 3 0.01
0.6128877098694712

:32 3 0.01
0.6298777067681458

:33 3 0.01
0.5851932381156555

:34 3 0.01
0.5757029825656633

:35 3 0.01
0.57366736092911

:36 3 0.01
0.5707413190909324

:37 3 0.01
0.5587816593385156

:38 3 0.01
0.5488734292239061

:39 3 0.01
0.5454832617320552

:40 3 0.01
0.522766800644984

:41 3 0.01
0.5306749343310398

:42 3 0.01
0.5168687481850147

:43 3 0.01
0.5110646350544662

:44 3 0.01
0.5005231320739816

:45 3 0.01
0.504347116627643

:46 3 0.01
0.5007062866144633

:47 3 0.01
0.4950901810188224

:48 3 0.01
0.4886651037182675

:49 3 0.01
0.4759925900288655

:50 3 0.01
0.47292624402928984

:2 3 0.001
1.9999982122592053

:3 3 0.001
1.731451898226413

:4 3 0.001
1.6312141544799237

:5 3 0.001
1.411829303501286

:6 3 0.001
1.4122367950067776

:7 3 0.001
1.1871046175230917

:8 3 0.001
1.16819922691998

:9 3 0.001
1.1344185953973964

:10 3 0.001
1.0591715348664195

:11 3 0.001
0.9857390637689828

:12 3 0.001
1.0501259193789712

:13 3 0.001
0.9086981463747595

:14 3 0.001
0.884431941139772

:15 3 0.001
0.8576553493063915

:16 3 0.001
0.8326345531502305

:17 3 0.001
0.8412333699493417

:18 3 0.001
0.8010633064193428

:19 3 0.001
0.7687956682878014

:20 3 0.001
0.7862105064744506

:21 3 0.001
0.7482148492960173

:22 3 0.001
0.7397051927874004

:23 3 0.001
0.6918435844908876

:24 3 0.001
0.7064676781231863

:25 3 0.001
0.6813704889342086

:26 3 0.001
0.6692575988404066

:27 3 0.001
0.6723485904814428

:28 3 0.001
0.6485191934453457

:29 3 0.001
0.6229660726120342

:30 3 0.001
0.6336110850196225

:31 3 0.001
0.6199980643869929

:32 3 0.001
0.6390835037651349

:33 3 0.001
0.5925261825663494

:34 3 0.001
0.5764486197149491

:35 3 0.001
0.5683889212271981

:36 3 0.001
0.5640429066006384

:37 3 0.001
0.5447184639907799

:38 3 0.001
0.5485903411146004

:39 3 0.001
0.5396099354051312

:40 3 0.001
0.5182748734928825

:41 3 0.001
0.5391878281161867

:42 3 0.001
0.5304541210552802

:43 3 0.001
0.5164632327513884

:44 3 0.001
0.5201291182529252

:45 3 0.001
0.5208067608789363

:46 3 0.001
0.5046296049794002

:47 3 0.001
0.4928500649509322

:48 3 0.001
0.5096896796188936

:49 3 0.001
0.4670440949122623

:50 3 0.001
0.4819881107406874

:2 3 0.0001
1.9999996247390766

:3 3 0.0001
1.731991187921305

:4 3 0.0001
1.6327546712648042

:5 3 0.0001
1.4099429854684846

:6 3 0.0001
1.4140056058785853

:7 3 0.0001
1.18263958808891

:8 3 0.0001
1.1723915171135701

:9 3 0.0001
1.133162120798708

:10 3 0.0001
1.0666756264407935

:11 3 0.0001
0.9861690695876324

:12 3 0.0001
1.0513304870467766

:13 3 0.0001
0.9049703462680031

:14 3 0.0001
0.8913280367700955

:15 3 0.0001
0.8447903087285149

:16 3 0.0001
0.8431444880130347

:17 3 0.0001
0.8321076564450306

:18 3 0.0001
0.8034137439615692

:19 3 0.0001
0.7694638486965979

:20 3 0.0001
0.783891564170478

:21 3 0.0001
0.7477262734025797

:22 3 0.0001
0.7399926224288865

:23 3 0.0001
0.7037268992744644

:24 3 0.0001
0.7194256186546625

:25 3 0.0001
0.6858797978515702

:26 3 0.0001
0.6696888187632188

:27 3 0.0001
0.6763167422793407

:28 3 0.0001
0.6498886319810612

:29 3 0.0001
0.623854851325531

:30 3 0.0001
0.6291866929372355

:31 3 0.0001
0.6177298482893585

:32 3 0.0001
0.6404752539839187

:33 3 0.0001
0.5894014712258693

:34 3 0.0001
0.5772975026186576

:35 3 0.0001
0.5739032874045832

:36 3 0.0001
0.5685353403018385

:37 3 0.0001
0.5567593920098183

:38 3 0.0001
0.5548099460636122

:39 3 0.0001
0.5503509927244264

:40 3 0.0001
0.5321819180161683

:41 3 0.0001
0.5372490919650428

:42 3 0.0001
0.5350082395997512

:43 3 0.0001
0.5092781199928066

:44 3 0.0001
0.5109656991314262

:45 3 0.0001
0.5163421692576717

:46 3 0.0001
0.49509776735507754

:47 3 0.0001
0.4921292140227725

:48 3 0.0001
0.5090771376992889

:49 3 0.0001
0.48573347930612737

:50 3 0.0001
0.47627399503770546

:2 2 0.1
1.999691810477284

:3 2 0.1
1.7288923074717637

:4 2 0.1
1.5858458292799265

:5 2 0.1
1.3802296444177875

:6 2 0.1
1.315112834319949

:7 2 0.1
1.1604046186506116

:8 2 0.1
1.1017958933361442

:9 2 0.1
1.0498068700040024

:10 2 0.1
0.996510794999764

:11 2 0.1
0.9515197433970471

:12 2 0.1
0.9366774932598362

:13 2 0.1
0.8733823303089143

:14 2 0.1
0.8303193678520385

:15 2 0.1
0.8312664411522608

:16 2 0.1
0.8049399984931834

:17 2 0.1
0.8016383340527183

:18 2 0.1
0.7490423119719267

:19 2 0.1
0.7312544698588564

:20 2 0.1
0.7250446282824723

:21 2 0.1
0.7093963975314077

:22 2 0.1
0.693110447466435

:23 2 0.1
0.6582106225423984

:24 2 0.1
0.6751372718554279

:25 2 0.1
0.6424901949404059

:26 2 0.1
0.6191401572709426

:27 2 0.1
0.6124690387984363

:28 2 0.1
0.5914551027031499

:29 2 0.1
0.5776189797084628

:30 2 0.1
0.5810249350297739

:31 2 0.1
0.5446253292730469

:32 2 0.1
0.5508343854257689

:33 2 0.1
0.5325859418546478

:34 2 0.1
0.5239071131626265

:35 2 0.1
0.523829712082268

:36 2 0.1
0.503591127538053

:37 2 0.1
0.5036200725180363

:38 2 0.1
0.5140676957971918

:39 2 0.1
0.47429099552022963

:40 2 0.1
0.46617655380267875

:41 2 0.1
0.4728243933765759

:42 2 0.1
0.4592533710291749

:43 2 0.1
0.4540548706004884

:44 2 0.1
0.45277302263435404

:45 2 0.1
0.44989901929103854

:46 2 0.1
0.4410243263852521

:47 2 0.1
0.4293232726806746

:48 2 0.1
0.4224076070687135

:49 2 0.1
0.4127117216561284

:50 2 0.1
0.4238682692568479

:2 2 0.01
1.9999549038147062

:3 2 0.01
1.730699481760685

:4 2 0.01
1.6272390878870502

:5 2 0.01
1.4022607432272511

:6 2 0.01
1.4023502700433836

:7 2 0.01
1.196699245148413

:8 2 0.01
1.1676180647484342

:9 2 0.01
1.1159504016816861

:10 2 0.01
1.0587654561675441

:11 2 0.01
0.985375032236062

:12 2 0.01
1.0417386720176125

:13 2 0.01
0.9225830014986954

:14 2 0.01
0.8864651255072591

:15 2 0.01
0.8392052952227171

:16 2 0.01
0.8389490530592605

:17 2 0.01
0.8120306761795119

:18 2 0.01
0.8053292601468488

:19 2 0.01
0.7708599926446645

:20 2 0.01
0.7843642060771304

:21 2 0.01
0.752165120205456

:22 2 0.01
0.7371781203023865

:23 2 0.01
0.7061259390110891

:24 2 0.01
0.7172949011419938

:25 2 0.01
0.6844717422795491

:26 2 0.01
0.6723767712428335

:27 2 0.01
0.6698616407571798

:28 2 0.01
0.644576870572466

:29 2 0.01
0.6247231015305027

:30 2 0.01
0.6241652769586755

:31 2 0.01
0.6119394435601077

:32 2 0.01
0.6290761101186556

:33 2 0.01
0.5837185329696545

:34 2 0.01
0.5823753141891127

:35 2 0.01
0.5718204904651695

:36 2 0.01
0.5613159710534075

:37 2 0.01
0.5505006606897952

:38 2 0.01
0.5598673073929153

:39 2 0.01
0.5463831203463317

:40 2 0.01
0.5342356980458763

:41 2 0.01
0.5186808196811702

:42 2 0.01
0.515199628627425

:43 2 0.01
0.509640976454602

:44 2 0.01
0.5129312087657034

:45 2 0.01
0.5062743337535681

:46 2 0.01
0.4971006845918824

:47 2 0.01
0.490592987096556

:48 2 0.01
0.4879047144765345

:49 2 0.01
0.47454218107217466

:50 2 0.01
0.4777717318047731

:2 2 0.001
1.9999965635022068

:3 2 0.001
1.7318384246249707

:4 2 0.001
1.631520712320211

:5 2 0.001
1.4124925206519887

:6 2 0.001
1.4126911846850534

:7 2 0.001
1.190414577757071

:8 2 0.001
1.1737646270870183

:9 2 0.001
1.1264122642669077

:10 2 0.001
1.058176925218975

:11 2 0.001
0.9838583450045782

:12 2 0.001
1.0501138856380292

:13 2 0.001
0.8828791139684727

:14 2 0.001
0.8905927134771217

:15 2 0.001
0.8410701657118215

:16 2 0.001
0.8385216249643211

:17 2 0.001
0.8331969717204651

:18 2 0.001
0.7988394379102718

:19 2 0.001
0.7640293400861077

:20 2 0.001
0.7656960154841378

:21 2 0.001
0.7487781156945532

:22 2 0.001
0.7376276770462115

:23 2 0.001
0.6929224048474033

:24 2 0.001
0.7197920195071945

:25 2 0.001
0.6803738830082633

:26 2 0.001
0.6669403875799257

:27 2 0.001
0.6776256834890759

:28 2 0.001
0.6500594307064029

:29 2 0.001
0.6242548202559884

:30 2 0.001
0.6326292592710173

:31 2 0.001
0.6237171210753502

:32 2 0.001
0.6387707766741385

:33 2 0.001
0.5818086345979657

:34 2 0.001
0.5748225125273829

:35 2 0.001
0.5794423946833465

:36 2 0.001
0.570166856114361

:37 2 0.001
0.5593159707986474

:38 2 0.001
0.5561214521654285

:39 2 0.001
0.5450095557161495

:40 2 0.001
0.5452521327894775

:41 2 0.001
0.5358775398346446

:42 2 0.001
0.5253987381494224

:43 2 0.001
0.526293243826623

:44 2 0.001
0.5165501316075486

:45 2 0.001
0.516710769347127

:46 2 0.001
0.505107832765882

:47 2 0.001
0.49127666704869094

:48 2 0.001
0.48719862431594746

:49 2 0.001
0.47998381623346825

:50 2 0.001
0.48286809867089336

:2 2 0.0001
1.9999986300000687

:3 2 0.0001
1.7320138986936582

:4 2 0.0001
1.6328335072324478

:5 2 0.0001
1.4130855856410742

:6 2 0.0001
1.4139872433440681

:7 2 0.0001
1.2044428233302125

:8 2 0.0001
1.1600485678707233

:9 2 0.0001
1.1320802647300658

:10 2 0.0001
1.060957873514112

:11 2 0.0001
0.9877974612241159

:12 2 0.0001
1.0513080565253645

:13 2 0.0001
0.9113656437543015

:14 2 0.0001
0.8910145280176712

:15 2 0.0001
0.8380426881450639

:16 2 0.0001
0.8299470034092513

:17 2 0.0001
0.8354937595587136

:18 2 0.0001
0.8031551058439864

:19 2 0.0001
0.767706996255005

:20 2 0.0001
0.7885199446186765

:21 2 0.0001
0.7467909713111757

:22 2 0.0001
0.7260971626996277

:23 2 0.0001
0.6917411605819561

:24 2 0.0001
0.7199621647480471

:25 2 0.0001
0.6830415450977432

:26 2 0.0001
0.6648716537413809

:27 2 0.0001
0.6755358538554792

:28 2 0.0001
0.649044552545366

:29 2 0.0001
0.6236969707038427

:30 2 0.0001
0.6335048442195318

:31 2 0.0001
0.622661790787418

:32 2 0.0001
0.6311723934737236

:33 2 0.0001
0.590736704808073

:34 2 0.0001
0.575901942815555

:35 2 0.0001
0.5783948258287529

:36 2 0.0001
0.5647823682908887

:37 2 0.0001
0.5580087288194472

:38 2 0.0001
0.5525772803798579

:39 2 0.0001
0.5505285278534439

:40 2 0.0001
0.5411166120778544

:41 2 0.0001
0.5318784481590632

:42 2 0.0001
0.5339336254730727

:43 2 0.0001
0.5317002456365261

:44 2 0.0001
0.5202247220982757

:45 2 0.0001
0.5074175972267428

:46 2 0.0001
0.5023763978473558

:47 2 0.0001
0.49014053781512085

:48 2 0.0001
0.48558225148752115

:49 2 0.0001
0.4762360926917313

:50 2 0.0001
0.4721486405931574

:2 1 0.1
1.999795928244393

:3 1 0.1
1.7218782716314676

:4 1 0.1
1.5746835041031997

:5 1 0.1
1.3710792436428862

:6 1 0.1
1.323961791897725

:7 1 0.1
1.168952159616736

:8 1 0.1
1.126457644752028

:9 1 0.1
1.0782204882512851

:10 1 0.1
0.9966316383273074

:11 1 0.1
0.9670225222778144

:12 1 0.1
0.9421320406011268

:13 1 0.1
0.8786696573072964

:14 1 0.1
0.8499074919384527

:15 1 0.1
0.8344505627402284

:16 1 0.1
0.8151276657044252

:17 1 0.1
0.7866490832930509

:18 1 0.1
0.7614344548754867

:19 1 0.1
0.7285172576834463

:20 1 0.1
0.7243550442574249

:21 1 0.1
0.715601300410945

:22 1 0.1
0.6874337722923096

:23 1 0.1
0.6605706721320602

:24 1 0.1
0.6802243492796886

:25 1 0.1
0.6516352343889115

:26 1 0.1
0.6392213489702956

:27 1 0.1
0.627003604692225

:28 1 0.1
0.5962111269728678

:29 1 0.1
0.5912083826001636

:30 1 0.1
0.5712388488542983

:31 1 0.1
0.5658819471606401

:32 1 0.1
0.5557110936835525

:33 1 0.1
0.5541872049627893

:34 1 0.1
0.5374144263021741

:35 1 0.1
0.5207462909979789

:36 1 0.1
0.5170198653794603

:37 1 0.1
0.5143139940533218

:38 1 0.1
0.503718047097918

:39 1 0.1
0.5014643471138623

:40 1 0.1
0.4879534108732082

:41 1 0.1
0.47344481276267886

:42 1 0.1
0.47780291600994057

:43 1 0.1
0.47101788911125636

:44 1 0.1
0.4639447728907095

:45 1 0.1
0.44963716907852586

:46 1 0.1
0.46392695316893917

:47 1 0.1
0.45458984059232876

:48 1 0.1
0.43888511487048354

:49 1 0.1
0.44424344944750077

:50 1 0.1
0.4387371891129252

:2 1 0.01
1.9999993167019767

:3 1 0.01
1.7292794175903061

:4 1 0.01
1.616499280894276

:5 1 0.01
1.3791407951034331

:6 1 0.01
1.4002978176827254

:7 1 0.01
1.177291906491248

:8 1 0.01
1.15384028983663

:9 1 0.01
1.1261996287026934

:10 1 0.01
1.058902546980739

:11 1 0.01
0.989891602886019

:12 1 0.01
1.0393706595578864

:13 1 0.01
0.9087716525556204

:14 1 0.01
0.8759638733632747

:15 1 0.01
0.8385429887386935

:16 1 0.01
0.8457389535366628

:17 1 0.01
0.8294978029781527

:18 1 0.01
0.8012359948933362

:19 1 0.01
0.76877736061865

:20 1 0.01
0.7810864332339408

:21 1 0.01
0.7489714403401714

:22 1 0.01
0.7368994913721197

:23 1 0.01
0.704504385265206

:24 1 0.01
0.7048072320322354

:25 1 0.01
0.681061615281125

:26 1 0.01
0.6702948909239583

:27 1 0.01
0.6694252156130549

:28 1 0.01
0.6467999148665217

:29 1 0.01
0.624424556880205

:30 1 0.01
0.6303302967650858

:31 1 0.01
0.6190075002693719

:32 1 0.01
0.6287424966969007

:33 1 0.01
0.581720979361498

:34 1 0.01
0.5777132525616796

:35 1 0.01
0.5699446955709655

:36 1 0.01
0.5686406987873859

:37 1 0.01
0.5543214381605949

:38 1 0.01
0.5484777640647404

:39 1 0.01
0.5455835004362218

:40 1 0.01
0.5405366693830623

:41 1 0.01
0.534667812376228

:42 1 0.01
0.5217677286334436

:43 1 0.01
0.5281667110407527

:44 1 0.01
0.5160711356562228

:45 1 0.01
0.5043004256583364

:46 1 0.01
0.5007035421346242

:47 1 0.01
0.4921238739418849

:48 1 0.01
0.4775170722057081

:49 1 0.01
0.4817937790319355

:50 1 0.01
0.48441900913957286

:2 1 0.001
1.9999911270308706

:3 1 0.001
1.7316232116305768

:4 1 0.001
1.6308667768838843

:5 1 0.001
1.4007705916136866

:6 1 0.001
1.4131139568482

:7 1 0.001
1.195185101229375

:8 1 0.001
1.1735112871005886

:9 1 0.001
1.122763420415249

:10 1 0.001
1.0605459567912605

:11 1 0.001
0.9862703179397273

:12 1 0.001
1.050371308499061

:13 1 0.001
0.8973855414766803

:14 1 0.001
0.8889253486451412

:15 1 0.001
0.8404433519916313

:16 1 0.001
0.8439413903520605

:17 1 0.001
0.8343106091581785

:18 1 0.001
0.8071160228562954

:19 1 0.001
0.7723300593676026

:20 1 0.001
0.7822788511872344

:21 1 0.001
0.746421919861278

:22 1 0.001
0.7413913452675027

:23 1 0.001
0.706156573503408

:24 1 0.001
0.7193803218302864

:25 1 0.001
0.6805476382294079

:26 1 0.001
0.6704501212029359

:27 1 0.001
0.6787110884748241

:28 1 0.001
0.6479577784268871

:29 1 0.001
0.623352406767412

:30 1 0.001
0.6344584661190927

:31 1 0.001
0.6212291808520618

:32 1 0.001
0.6391808026798603

:33 1 0.001
0.5860564613186936

:34 1 0.001
0.5704086649592583

:35 1 0.001
0.5716478567615144

:36 1 0.001
0.5606929697825078

:37 1 0.001
0.556251203968665

:38 1 0.001
0.5559427089544318

:39 1 0.001
0.5453531426631827

:40 1 0.001
0.5286530729578843

:41 1 0.001
0.5313477855123935

:42 1 0.001
0.528051298599059

:43 1 0.001
0.5201215147253222

:44 1 0.001
0.5216138596616654

:45 1 0.001
0.4964195979069594

:46 1 0.001
0.5033157528911586

:47 1 0.001
0.49291746503299616

:48 1 0.001
0.48822504541564976

:49 1 0.001
0.4767934331070723

:50 1 0.001
0.4738775771037598

:2 1 0.0001
1.999999884546216

:3 1 0.0001
1.7320195059810943

:4 1 0.0001
1.632546962222892

:5 1 0.0001
1.4083705672890492

:6 1 0.0001
1.413949637178735

:7 1 0.0001
1.1781057122945782

:8 1 0.0001
1.1663820203102007

:9 1 0.0001
1.1316276047496163

:10 1 0.0001
1.0580408671679749

:11 1 0.0001
0.9846093502348071

:12 1 0.0001
1.05129374938299

:13 1 0.0001
0.8912858378000416

:14 1 0.0001
0.8781342783146687

:15 1 0.0001
0.8383470044761535

:16 1 0.0001
0.8251737435517659

:17 1 0.0001
0.8399827935432781

:18 1 0.0001
0.8037998149727762

:19 1 0.0001
0.7670935382948149

:20 1 0.0001
0.7891451152189676

:21 1 0.0001
0.7479367910242808

:22 1 0.0001
0.734010176124711

:23 1 0.0001
0.7000191884654664

:24 1 0.0001
0.7196093800608337

:25 1 0.0001
0.680360283260991

:26 1 0.0001
0.6693865924714348

:27 1 0.0001
0.6710272096553802

:28 1 0.0001
0.6505086955536554

:29 1 0.0001
0.6245915581026055

:30 1 0.0001
0.6350279543948194

:31 1 0.0001
0.6147901271509265

:32 1 0.0001
0.638344996489297

:33 1 0.0001
0.5813579194514334

:34 1 0.0001
0.5732117767835673

:35 1 0.0001
0.5780085228370445

:36 1 0.0001
0.5651710738929056

:37 1 0.0001
0.5547538322280287

:38 1 0.0001
0.5504019667681544

:39 1 0.0001
0.5359125091361073

:40 1 0.0001
0.53975040548922

:41 1 0.0001
0.5413086480016654

:42 1 0.0001
0.5247144161200473

:43 1 0.0001
0.5102825893307645

:44 1 0.0001
0.5059666463309876

:45 1 0.0001
0.5066125838601457

:46 1 0.0001
0.4870618361473722

:47 1 0.0001
0.4919789912036144

:48 1 0.0001
0.4757098003848601

:49 1 0.0001
0.48797689845914705

:50 1 0.0001
0.4618243524721684

