:2 5 0.1
1.9961894922075256

:3 5 0.1
1.6998384472509764

:4 5 0.1
1.572541035722771

:5 5 0.1
1.3383202698462011

:6 5 0.1
1.3427265831395347

:7 5 0.1
1.1661468098647674

:8 5 0.1
1.1115779513720971

:9 5 0.1
1.0237903979079366

:10 5 0.1
1.0041493994515929

:11 5 0.1
0.9431453764918541

:12 5 0.1
0.9588300065071679

:13 5 0.1
0.868538656023072

:14 5 0.1
0.8508911002800725

:15 5 0.1
0.8149795709539339

:16 5 0.1
0.7998965259915196

:17 5 0.1
0.7674841083526331

:18 5 0.1
0.7589086401378897

:19 5 0.1
0.7096352219231057

:20 5 0.1
0.725134594482463

:21 5 0.1
0.7142693591485467

:22 5 0.1
0.7076889935331075

:23 5 0.1
0.6763524323965681

:24 5 0.1
0.6709192526948663

:25 5 0.1
0.6498980890055174

:26 5 0.1
0.6226456171108767

:27 5 0.1
0.6049446725155748

:28 5 0.1
0.5751622744514701

:29 5 0.1
0.5634615916957991

:30 5 0.1
0.5594016714733447

:31 5 0.1
0.5427309784024235

:32 5 0.1
0.5203700081290724

:33 5 0.1
0.5062258302338416

:34 5 0.1
0.5047783414238295

:35 5 0.1
0.5067325347437955

:36 5 0.1
0.4770007778957566

:37 5 0.1
0.4668661024161775

:38 5 0.1
0.46028797369723184

:39 5 0.1
0.45105679487922995

:40 5 0.1
0.45368101741671163

:41 5 0.1
0.44577506884206475

:42 5 0.1
0.4192223817558403

:43 5 0.1
0.42648006745404304

:44 5 0.1
0.41701947692923924

:45 5 0.1
0.4109245644889678

:46 5 0.1
0.423740838128853

:47 5 0.1
0.3973173410734123

:48 5 0.1
0.40555082852635405

:49 5 0.1
0.3926416706942702

:50 5 0.1
0.39076539241896574

:2 5 0.01
1.9999378957203453

:3 5 0.01
1.727176551381536

:4 5 0.01
1.6262350605888736

:5 5 0.01
1.3891869145284463

:6 5 0.01
1.4016001448928022

:7 5 0.01
1.2000362838597438

:8 5 0.01
1.1630913860421337

:9 5 0.01
1.127201353945457

:10 5 0.01
1.058457648242845

:11 5 0.01
0.977684589524022

:12 5 0.01
1.0387412764859174

:13 5 0.01
0.8936991353247681

:14 5 0.01
0.8845866884437124

:15 5 0.01
0.8412671769105504

:16 5 0.01
0.832832352278997

:17 5 0.01
0.8397597612072772

:18 5 0.01
0.8015804103885147

:19 5 0.01
0.7689297619661709

:20 5 0.01
0.7842299719040081

:21 5 0.01
0.7484644168245711

:22 5 0.01
0.7393180384957089

:23 5 0.01
0.6940262980121323

:24 5 0.01
0.7159932653714248

:25 5 0.01
0.6827075522870799

:26 5 0.01
0.6716767814342486

:27 5 0.01
0.6681779674040897

:28 5 0.01
0.645056977521362

:29 5 0.01
0.6214024428283906

:30 5 0.01
0.6270820494789547

:31 5 0.01
0.6014601746570247

:32 5 0.01
0.6275857826027091

:33 5 0.01
0.5794294968731292

:34 5 0.01
0.5784206290804118

:35 5 0.01
0.5686982840059919

:36 5 0.01
0.5531894895232895

:37 5 0.01
0.5562033228545687

:38 5 0.01
0.5532000835781924

:39 5 0.01
0.5456962549665335

:40 5 0.01
0.5325203571330596

:41 5 0.01
0.5292540965040141

:42 5 0.01
0.5163671372337985

:43 5 0.01
0.5089265670638753

:44 5 0.01
0.5028668471535435

:45 5 0.01
0.4959925476764017

:46 5 0.01
0.4902833289510982

:47 5 0.01
0.4929061528778466

:48 5 0.01
0.47440613561363376

:49 5 0.01
0.4730175352851504

:50 5 0.01
0.4734590193011204

:2 5 0.001
1.9999985313923785

:3 5 0.001
1.7302276813202633

:4 5 0.001
1.632122659452639

:5 5 0.001
1.4099159445084908

:6 5 0.001
1.4119321643134437

:7 5 0.001
1.203063938231295

:8 5 0.001
1.1759167011419602

:9 5 0.001
1.1272799502796624

:10 5 0.001
1.0589875099015664

:11 5 0.001
0.9857063990646115

:12 5 0.001
1.0507305985143283

:13 5 0.001
0.8980381287477033

:14 5 0.001
0.8919342945431411

:15 5 0.001
0.8410802309349369

:16 5 0.001
0.8480916562229907

:17 5 0.001
0.8298157761633677

:18 5 0.001
0.8020094873680809

:19 5 0.001
0.7742683783887746

:20 5 0.001
0.7800254621836137

:21 5 0.001
0.7486735084878262

:22 5 0.001
0.7389699787951799

:23 5 0.001
0.6931473367235578

:24 5 0.001
0.7210291481944768

:25 5 0.001
0.6793680390409214

:26 5 0.001
0.6715250837775103

:27 5 0.001
0.6715862451691343

:28 5 0.001
0.6490610148122692

:29 5 0.001
0.6233217750073002

:30 5 0.001
0.6301150825484114

:31 5 0.001
0.5929081933641925

:32 5 0.001
0.6054491567821741

:33 5 0.001
0.5728642944661969

:34 5 0.001
0.5731358443197728

:35 5 0.001
0.5562648828831794

:36 5 0.001
0.5668314576758108

:37 5 0.001
0.5548903398488082

:38 5 0.001
0.5523641284509164

:39 5 0.001
0.5367461760576692

:40 5 0.001
0.541801967414531

:41 5 0.001
0.5390085421851022

:42 5 0.001
0.5180525435385982

:43 5 0.001
0.5190739436699566

:44 5 0.001
0.531779852065905

:45 5 0.001
0.5179408221667282

:46 5 0.001
0.48987433130450747

:47 5 0.001
0.4880886808754619

:48 5 0.001
0.500420300171483

:49 5 0.001
0.48627237555303543

:50 5 0.001
0.47825045830966717

:2 5 0.0001
1.99999638102622

:3 5 0.0001
1.7320457093374377

:4 5 0.0001
1.632777034485928

:5 5 0.0001
1.4132637503262935

:6 5 0.0001
1.4139236196878857

:7 5 0.0001
1.18848601537758

:8 5 0.0001
1.1686349531188533

:9 5 0.0001
1.1239164600675633

:10 5 0.0001
1.057096015896971

:11 5 0.0001
0.9865979544317973

:12 5 0.0001
1.051263790373947

:13 5 0.0001
0.891364664096913

:14 5 0.0001
0.8926939593202093

:15 5 0.0001
0.8383269843986768

:16 5 0.0001
0.83411092384857

:17 5 0.0001
0.8413370936191455

:18 5 0.0001
0.8004116217917819

:19 5 0.0001
0.7628288084838434

:20 5 0.0001
0.7890821937068635

:21 5 0.0001
0.7480665086782788

:22 5 0.0001
0.7389971667543951

:23 5 0.0001
0.7049351135932967

:24 5 0.0001
0.7183899437546643

:25 5 0.0001
0.6823402176423787

:26 5 0.0001
0.6700835965105596

:27 5 0.0001
0.6715755224664804

:28 5 0.0001
0.6483756107077476

:29 5 0.0001
0.626129224160489

:30 5 0.0001
0.6353314758659802

:31 5 0.0001
0.6107965037487949

:32 5 0.0001
0.6404041915221904

:33 5 0.0001
0.5876939448673845

:34 5 0.0001
0.58392149420291

:35 5 0.0001
0.5729857063170257

:36 5 0.0001
0.566909187699341

:37 5 0.0001
0.5533200073739964

:38 5 0.0001
0.549261502619072

:39 5 0.0001
0.5444881509331579

:40 5 0.0001
0.541957235184066

:41 5 0.0001
0.5243113364913463

:42 5 0.0001
0.5282568154399311

:43 5 0.0001
0.5145424564580653

:44 5 0.0001
0.5299455662218294

:45 5 0.0001
0.5121494083050847

:46 5 0.0001
0.4999559066600863

:47 5 0.0001
0.49568398127319413

:48 5 0.0001
0.4812957726169604

:49 5 0.0001
0.48011002840239264

:50 5 0.0001
0.47798279845284997

:2 3 0.1
1.9990541692317383

:3 3 0.1
1.716015567537237

:4 3 0.1
1.5867699198052758

:5 3 0.1
1.3613055316689724

:6 3 0.1
1.2941926478384025

:7 3 0.1
1.174542219449482

:8 3 0.1
1.1154334063519624

:9 3 0.1
1.0785759279607956

:10 3 0.1
0.9755988528313159

:11 3 0.1
0.9426127177677855

:12 3 0.1
0.9265339920599297

:13 3 0.1
0.8799457302210915

:14 3 0.1
0.8534657904101438

:15 3 0.1
0.8406292304620218

:16 3 0.1
0.7987353914428881

:17 3 0.1
0.7772061448403506

:18 3 0.1
0.7575301213049569

:19 3 0.1
0.7361006608149903

:20 3 0.1
0.7251484976595021

:21 3 0.1
0.7112561992090184

:22 3 0.1
0.70348621274512

:23 3 0.1
0.6667746209082668

:24 3 0.1
0.6538269056746785

:25 3 0.1
0.6493286466257441

:26 3 0.1
0.6304828262083505

:27 3 0.1
0.6263677437037537

:28 3 0.1
0.5999017474739896

:29 3 0.1
0.5611092059038474

:30 3 0.1
0.5422323050845178

:31 3 0.1
0.5512191260494416

:32 3 0.1
0.5488316589907197

:33 3 0.1
0.5332762549335194

:34 3 0.1
0.5144633807128244

:35 3 0.1
0.5022699181746972

:36 3 0.1
0.511686912469275

:37 3 0.1
0.49903264669132

:38 3 0.1
0.4781461740530572

:39 3 0.1
0.4800039117884258

:40 3 0.1
0.4687926153907003

:41 3 0.1
0.46755361459781647

:42 3 0.1
0.4528064145369297

:43 3 0.1
0.44157414959366315

:44 3 0.1
0.4348091874228291

:45 3 0.1
0.43935753526134264

:46 3 0.1
0.42822260865671025

:47 3 0.1
0.4252655357956088

:48 3 0.1
0.40157097553999227

:49 3 0.1
0.4207701461553146

:50 3 0.1
0.4306148983380706

:2 3 0.01
1.9999989652873909

:3 3 0.01
1.7282586657009185

:4 3 0.01
1.6176819121315609

:5 3 0.01
1.4055034361601797

:6 3 0.01
1.40139256843615

:7 3 0.01
1.1839687502058764

:8 3 0.01
1.1705158500996116

:9 3 0.01
1.1221349681037187

:10 3 0.01
1.0649288486061732

:11 3 0.01
0.9891265881807048

:12 3 0.01
1.0397800918593465

:13 3 0.01
0.8950424798989677

:14 3 0.01
0.8867041437412378

:15 3 0.01
0.8405340628583824

:16 3 0.01
0.8283531912238377

:17 3 0.01
0.8413412643956505

:18 3 0.01
0.803433274542026

:19 3 0.01
0.7638806870799194

:20 3 0.01
0.7852678693689127

:21 3 0.01
0.7487058661587667

:22 3 0.01
0.7378848585742522

:23 3 0.01
0.6979936597282211

:24 3 0.01
0.7144643374462967

:25 3 0.01
0.6848633826455958

:26 3 0.01
0.6696643719005723

:27 3 0.01
0.6720777712021081

:28 3 0.01
0.6428088478427706

:29 3 0.01
0.6238677295014997

:30 3 0.01
0.629848314257741

:31 3 0.01
0.6225806784383761

:32 3 0.01
0.6260856284801577

:33 3 0.01
0.5794516693425976

:34 3 0.01
0.5780006811280581

:35 3 0.01
0.569940969622949

:36 3 0.01
0.5527311768093764

:37 3 0.01
0.5549158993818757

:38 3 0.01
0.5481683860044274

:39 3 0.01
0.544373730653638

:40 3 0.01
0.5257360524203328

:41 3 0.01
0.5282400839363351

:42 3 0.01
0.5244566145254729

:43 3 0.01
0.5196869650399955

:44 3 0.01
0.5097921113325602

:45 3 0.01
0.4970648368019576

:46 3 0.01
0.4994857519836648

:47 3 0.01
0.4793928692080039

:48 3 0.01
0.47850635159380633

:49 3 0.01
0.4791864809230016

:50 3 0.01
0.4781460981338565

:2 3 0.001
1.9999329271539248

:3 3 0.001
1.7312257002955258

:4 3 0.001
1.631474121812663

:5 3 0.001
1.3815096156429625

:6 3 0.001
1.4114764962978728

:7 3 0.001
1.1898988753253896

:8 3 0.001
1.1716602742550426

:9 3 0.001
1.1221575790762695

:10 3 0.001
1.0632882189081945

:11 3 0.001
0.9866938659853332

:12 3 0.001
1.049683297169998

:13 3 0.001
0.8939311597655885

:14 3 0.001
0.8927037082311902

:15 3 0.001
0.840908854190843

:16 3 0.001
0.8440643590969109

:17 3 0.001
0.8456853599208878

:18 3 0.001
0.8018110951089304

:19 3 0.001
0.7625650995152835

:20 3 0.001
0.7838945503211346

:21 3 0.001
0.7500093859472919

:22 3 0.001
0.7302885426713885

:23 3 0.001
0.6998892576327492

:24 3 0.001
0.7197756466693361

:25 3 0.001
0.6740268079967904

:26 3 0.001
0.6681849515842373

:27 3 0.001
0.6842739643846104

:28 3 0.001
0.6477814825373026

:29 3 0.001
0.6242235367672526

:30 3 0.001
0.6343667932072369

:31 3 0.001
0.6185581669901684

:32 3 0.001
0.6385473723480807

:33 3 0.001
0.587625269320192

:34 3 0.001
0.5739429557591115

:35 3 0.001
0.5716900060233819

:36 3 0.001
0.5703311335473634

:37 3 0.001
0.5590083425812594

:38 3 0.001
0.5526563808191688

:39 3 0.001
0.5459408992646294

:40 3 0.001
0.538210365269472

:41 3 0.001
0.5242469201154526

:42 3 0.001
0.5274296956123696

:43 3 0.001
0.5147124215226019

:44 3 0.001
0.5067759539655677

:45 3 0.001
0.5110855605067106

:46 3 0.001
0.4907447432060353

:47 3 0.001
0.4962552284796922

:48 3 0.001
0.4927079285558382

:49 3 0.001
0.48793137819438553

:50 3 0.001
0.46472944128190513

:2 3 0.0001
1.9999997281283992

:3 3 0.0001
1.731977399164018

:4 3 0.0001
1.6327854863344855

:5 3 0.0001
1.4033814778239384

:6 3 0.0001
1.4138987707349628

:7 3 0.0001
1.1818026234044547

:8 3 0.0001
1.1707398691827746

:9 3 0.0001
1.1349584947467801

:10 3 0.0001
1.061979059018379

:11 3 0.0001
0.9861431398255243

:12 3 0.0001
1.0512978814854919

:13 3 0.0001
0.8920270668750944

:14 3 0.0001
0.893282627767892

:15 3 0.0001
0.8401577205470881

:16 3 0.0001
0.8283957661990979

:17 3 0.0001
0.8302585574718718

:18 3 0.0001
0.8074591110037255

:19 3 0.0001
0.7603705899524208

:20 3 0.0001
0.7838307460380297

:21 3 0.0001
0.7469796064019077

:22 3 0.0001
0.7419017444672876

:23 3 0.0001
0.7039165064501017

:24 3 0.0001
0.7074160554465058

:25 3 0.0001
0.6809521882698361

:26 3 0.0001
0.6704373922107645

:27 3 0.0001
0.6801113954682045

:28 3 0.0001
0.648198677616664

:29 3 0.0001
0.6266002937332363

:30 3 0.0001
0.6319576428002681

:31 3 0.0001
0.6106365794457682

:32 3 0.0001
0.6399456835575086

:33 3 0.0001
0.5759094991041241

:34 3 0.0001
0.5796727068131746

:35 3 0.0001
0.5721156144655523

:36 3 0.0001
0.5639490587921415

:37 3 0.0001
0.5481369429864034

:38 3 0.0001
0.556619574501612

:39 3 0.0001
0.5311047445953679

:40 3 0.0001
0.539987741334096

:41 3 0.0001
0.5391005013589533

:42 3 0.0001
0.5242169792413901

:43 3 0.0001
0.531117331338638

:44 3 0.0001
0.5199894989242583

:45 3 0.0001
0.5091822976193392

:46 3 0.0001
0.49730400258408647

:47 3 0.0001
0.4897171466776619

:48 3 0.0001
0.4909098029512096

:49 3 0.0001
0.47384234991902635

:50 3 0.0001
0.4764095043338685

:2 2 0.1
1.9996320376577452

:3 2 0.1
1.7052800601149967

:4 2 0.1
1.6112760941257465

:5 2 0.1
1.3658537113563576

:6 2 0.1
1.3392567176047512

:7 2 0.1
1.165803523717036

:8 2 0.1
1.1248156971202454

:9 2 0.1
1.0655996865922701

:10 2 0.1
1.0021839732293307

:11 2 0.1
0.9510483033848117

:12 2 0.1
0.9541522765702507

:13 2 0.1
0.8715683993660336

:14 2 0.1
0.8525089127239242

:15 2 0.1
0.8307322888353307

:16 2 0.1
0.7976604542967706

:17 2 0.1
0.7785317307311166

:18 2 0.1
0.7728375082876454

:19 2 0.1
0.7407215174211988

:20 2 0.1
0.7151508633819276

:21 2 0.1
0.7109995536636163

:22 2 0.1
0.7027407570583182

:23 2 0.1
0.6554584481294127

:24 2 0.1
0.6616449519488233

:25 2 0.1
0.6299472985933593

:26 2 0.1
0.6246037392973609

:27 2 0.1
0.6204160534098374

:28 2 0.1
0.5971079302531562

:29 2 0.1
0.5741330257426571

:30 2 0.1
0.5578570725899487

:31 2 0.1
0.543308001678288

:32 2 0.1
0.5672991568961804

:33 2 0.1
0.5275726005295491

:34 2 0.1
0.5189882053105886

:35 2 0.1
0.5187903546591367

:36 2 0.1
0.5128666637628213

:37 2 0.1
0.5127081496647335

:38 2 0.1
0.5055353324578331

:39 2 0.1
0.4969121499828264

:40 2 0.1
0.47855598454468984

:41 2 0.1
0.46358958895451025

:42 2 0.1
0.4648466440182659

:43 2 0.1
0.43841950626997733

:44 2 0.1
0.4461083721960007

:45 2 0.1
0.43278774809498644

:46 2 0.1
0.44055591663722043

:47 2 0.1
0.4274572810513779

:48 2 0.1
0.42842257451717103

:49 2 0.1
0.42955271323338745

:50 2 0.1
0.42276928839996003

:2 2 0.01
1.9999394826329453

:3 2 0.01
1.7305499497809267

:4 2 0.01
1.6258141467075393

:5 2 0.01
1.4091214706180422

:6 2 0.01
1.399368095123509

:7 2 0.01
1.1805785162617322

:8 2 0.01
1.1577236948185294

:9 2 0.01
1.1148112178920986

:10 2 0.01
1.0647194615012088

:11 2 0.01
0.9851906890024559

:12 2 0.01
1.0409167047523733

:13 2 0.01
0.90176434890714

:14 2 0.01
0.880472741322778

:15 2 0.01
0.8504801705334613

:16 2 0.01
0.8357441220324322

:17 2 0.01
0.8359899146184665

:18 2 0.01
0.8031095401666947

:19 2 0.01
0.7677703836157

:20 2 0.01
0.7840261742185278

:21 2 0.01
0.7505785462359335

:22 2 0.01
0.7392663001884044

:23 2 0.01
0.7053814575254119

:24 2 0.01
0.7142927923868604

:25 2 0.01
0.6776762449749906

:26 2 0.01
0.6707393806948297

:27 2 0.01
0.6700916948847987

:28 2 0.01
0.6437079856069342

:29 2 0.01
0.6260828445713765

:30 2 0.01
0.6225257978236962

:31 2 0.01
0.6202478881546858

:32 2 0.01
0.6181271813140081

:33 2 0.01
0.5897558597539344

:34 2 0.01
0.5629439010782188

:35 2 0.01
0.5697229947953416

:36 2 0.01
0.5615128631084423

:37 2 0.01
0.5559162919138635

:38 2 0.01
0.5478702105784881

:39 2 0.01
0.5456456203844284

:40 2 0.01
0.5350501232124575

:41 2 0.01
0.5182836573330536

:42 2 0.01
0.52669961062481

:43 2 0.01
0.5241160267046092

:44 2 0.01
0.5058753358815876

:45 2 0.01
0.5048052335675747

:46 2 0.01
0.492371990941255

:47 2 0.01
0.49459059080274087

:48 2 0.01
0.4865298781710094

:49 2 0.01
0.4749170545127455

:50 2 0.01
0.48062997062774726

:2 2 0.001
1.9999998388003417

:3 2 0.001
1.7319355737119435

:4 2 0.001
1.6317289884733392

:5 2 0.001
1.405311189053923

:6 2 0.001
1.4125230186732194

:7 2 0.001
1.1858816478351404

:8 2 0.001
1.1725857735996639

:9 2 0.001
1.1337774035051864

:10 2 0.001
1.0598880649958093

:11 2 0.001
0.9875822651504781

:12 2 0.001
1.0497497773399853

:13 2 0.001
0.9013550082677485

:14 2 0.001
0.8917300114857046

:15 2 0.001
0.8367359724390623

:16 2 0.001
0.830792257774661

:17 2 0.001
0.8343840180850148

:18 2 0.001
0.800439650570914

:19 2 0.001
0.7707761224106635

:20 2 0.001
0.765735111453408

:21 2 0.001
0.7492392885659097

:22 2 0.001
0.7272756302645456

:23 2 0.001
0.701390771660153

:24 2 0.001
0.7205193856092237

:25 2 0.001
0.6814235153625966

:26 2 0.001
0.6689987101369628

:27 2 0.001
0.6759567184844634

:28 2 0.001
0.6490049392311675

:29 2 0.001
0.6241784008579349

:30 2 0.001
0.6301656078162631

:31 2 0.001
0.617921396598292

:32 2 0.001
0.638486123146227

:33 2 0.001
0.5900117502462459

:34 2 0.001
0.5756195806075041

:35 2 0.001
0.575896069028601

:36 2 0.001
0.5752715020563183

:37 2 0.001
0.5604579819572307

:38 2 0.001
0.5509257279044163

:39 2 0.001
0.5453243777317553

:40 2 0.001
0.5392871021898054

:41 2 0.001
0.535292255949911

:42 2 0.001
0.51418465430886

:43 2 0.001
0.5306551760190957

:44 2 0.001
0.5035729818961932

:45 2 0.001
0.5180698167444302

:46 2 0.001
0.4956667672154958

:47 2 0.001
0.49634741747212535

:48 2 0.001
0.48816556850573206

:49 2 0.001
0.4857934780215743

:50 2 0.001
0.4839563140903807

:2 2 0.0001
1.9999991132415162

:3 2 0.0001
1.7320310264534262

:4 2 0.0001
1.6328721014695426

:5 2 0.0001
1.4118758266420326

:6 2 0.0001
1.4138209447037757

:7 2 0.0001
1.1848714085689045

:8 2 0.0001
1.175261990665534

:9 2 0.0001
1.1237321200399837

:10 2 0.0001
1.0613659449883912

:11 2 0.0001
0.987752389169819

:12 2 0.0001
1.0498444651781282

:13 2 0.0001
0.8982184645350823

:14 2 0.0001
0.8918811424123684

:15 2 0.0001
0.8413706331055764

:16 2 0.0001
0.8335042580406063

:17 2 0.0001
0.8329245652540375

:18 2 0.0001
0.8014871140140717

:19 2 0.0001
0.7604707403432681

:20 2 0.0001
0.7872008872594249

:21 2 0.0001
0.7488151862115043

:22 2 0.0001
0.7272001225792759

:23 2 0.0001
0.7044245857132513

:24 2 0.0001
0.7083702461784198

:25 2 0.0001
0.6803480682375639

:26 2 0.0001
0.671593639547471

:27 2 0.0001
0.6821612753108631

:28 2 0.0001
0.6477930517409912

:29 2 0.0001
0.624773050271252

:30 2 0.0001
0.6349560313430572

:31 2 0.0001
0.6163774165556859

:32 2 0.0001
0.6397068950766176

:33 2 0.0001
0.5865213358940524

:34 2 0.0001
0.5866600180351921

:35 2 0.0001
0.5746845288245882

:36 2 0.0001
0.5683330026431427

:37 2 0.0001
0.5475882662450449

:38 2 0.0001
0.5540292237786715

:39 2 0.0001
0.5398535335336146

:40 2 0.0001
0.5388415917825582

:41 2 0.0001
0.5216396193817148

:42 2 0.0001
0.5294865315047641

:43 2 0.0001
0.527624624556775

:44 2 0.0001
0.5254781369415169

:45 2 0.0001
0.49829286908280374

:46 2 0.0001
0.49706359230104025

:47 2 0.0001
0.49261266921339875

:48 2 0.0001
0.4907035251299418

:49 2 0.0001
0.4817365973221462

:50 2 0.0001
0.46101094682584987

:2 1 0.1
1.9997379812775693

:3 1 0.1
1.7185824495466397

:4 1 0.1
1.582801563033027

:5 1 0.1
1.365975969647433

:6 1 0.1
1.3335440718960276

:7 1 0.1
1.1686758647322602

:8 1 0.1
1.1088196081181538

:9 1 0.1
1.0595785336016896

:10 1 0.1
1.0121986808595038

:11 1 0.1
0.9307841443114752

:12 1 0.1
0.9536432563505376

:13 1 0.1
0.8901409958029977

:14 1 0.1
0.8582317852511893

:15 1 0.1
0.8330724105440007

:16 1 0.1
0.8109240838984545

:17 1 0.1
0.8183145008422811

:18 1 0.1
0.7752298074652706

:19 1 0.1
0.7306861751625404

:20 1 0.1
0.7350232117405353

:21 1 0.1
0.7091129878165147

:22 1 0.1
0.6906456354704078

:23 1 0.1
0.6709012631244851

:24 1 0.1
0.6674257879762204

:25 1 0.1
0.6418692502069803

:26 1 0.1
0.6289078600393053

:27 1 0.1
0.6257280092222728

:28 1 0.1
0.6113352076107729

:29 1 0.1
0.591946767203258

:30 1 0.1
0.5665873999899725

:31 1 0.1
0.5633380408443539

:32 1 0.1
0.5638915890394184

:33 1 0.1
0.5417448663941532

:34 1 0.1
0.5321591729774794

:35 1 0.1
0.5103359642588916

:36 1 0.1
0.5167798529321747

:37 1 0.1
0.5086997137345256

:38 1 0.1
0.511908240160092

:39 1 0.1
0.4910694550220875

:40 1 0.1
0.48563097530823923

:41 1 0.1
0.47833566393683613

:42 1 0.1
0.46838285267147994

:43 1 0.1
0.46912829621393953

:44 1 0.1
0.46813305651880266

:45 1 0.1
0.46910338422355286

:46 1 0.1
0.4563267290016982

:47 1 0.1
0.44987831408099344

:48 1 0.1
0.44261372617339556

:49 1 0.1
0.4404677892108335

:50 1 0.1
0.4321486229914573

:2 1 0.01
1.9997039323365744

:3 1 0.01
1.7305971691670294

:4 1 0.01
1.626284843149949

:5 1 0.01
1.4052042334818962

:6 1 0.01
1.4010914525244171

:7 1 0.01
1.1801514369374184

:8 1 0.01
1.1696389602563757

:9 1 0.01
1.12163358525695

:10 1 0.01
1.0579910007711992

:11 1 0.01
0.9871018822286799

:12 1 0.01
1.0382399958321646

:13 1 0.01
0.9193081590192237

:14 1 0.01
0.8894147334678766

:15 1 0.01
0.8515848133183425

:16 1 0.01
0.8403217937702583

:17 1 0.01
0.8361310190217196

:18 1 0.01
0.8052852271313907

:19 1 0.01
0.7704137674560599

:20 1 0.01
0.7854620119683556

:21 1 0.01
0.7487935043932162

:22 1 0.01
0.7312381202822705

:23 1 0.01
0.7053127511890613

:24 1 0.01
0.716598317867331

:25 1 0.01
0.6845585754663536

:26 1 0.01
0.6727322987619457

:27 1 0.01
0.6778024495500595

:28 1 0.01
0.6438093101087451

:29 1 0.01
0.6294685835872523

:30 1 0.01
0.6301457843152949

:31 1 0.01
0.6101440220316215

:32 1 0.01
0.6207688603876566

:33 1 0.01
0.5826014673985414

:34 1 0.01
0.5792884436272144

:35 1 0.01
0.5751438698557759

:36 1 0.01
0.565202640290107

:37 1 0.01
0.5589247213115335

:38 1 0.01
0.5509752381985896

:39 1 0.01
0.5426926905748036

:40 1 0.01
0.537837748844413

:41 1 0.01
0.5262450866948676

:42 1 0.01
0.5251075937848052

:43 1 0.01
0.5105219234788518

:44 1 0.01
0.5287558245814795

:45 1 0.01
0.49033812620207934

:46 1 0.01
0.49744992394245036

:47 1 0.01
0.4872395333734108

:48 1 0.01
0.4835644186843946

:49 1 0.01
0.48372565473660756

:50 1 0.01
0.48219194165747226

:2 1 0.001
1.9999951123148925

:3 1 0.001
1.7309023163192248

:4 1 0.001
1.6306940173515205

:5 1 0.001
1.4082476466464315

:6 1 0.001
1.4113377838211214

:7 1 0.001
1.2003220063570856

:8 1 0.001
1.1741736806653293

:9 1 0.001
1.1206892624611429

:10 1 0.001
1.0599685115482231

:11 1 0.001
0.9873710893920431

:12 1 0.001
1.049814059100114

:13 1 0.001
0.8920773782463195

:14 1 0.001
0.8841872143234757

:15 1 0.001
0.8370426492084286

:16 1 0.001
0.8315255593508745

:17 1 0.001
0.8351745389035927

:18 1 0.001
0.8039202698063824

:19 1 0.001
0.7710308913361517

:20 1 0.001
0.7848020593147532

:21 1 0.001
0.7535474157202553

:22 1 0.001
0.7412069533639297

:23 1 0.001
0.6930849041795488

:24 1 0.001
0.71672743349321

:25 1 0.001
0.6812815854108097

:26 1 0.001
0.6695237440709173

:27 1 0.001
0.6707334049920309

:28 1 0.001
0.6495104593305777

:29 1 0.001
0.6261585818423586

:30 1 0.001
0.6213800356216316

:31 1 0.001
0.6222395488443184

:32 1 0.001
0.638910293531399

:33 1 0.001
0.5858896746045309

:34 1 0.001
0.5786433612804323

:35 1 0.001
0.5736744691076284

:36 1 0.001
0.5572058038052639

:37 1 0.001
0.5577876283683071

:38 1 0.001
0.5644627145452189

:39 1 0.001
0.5423395216801244

:40 1 0.001
0.5430082870654543

:41 1 0.001
0.5198773095081629

:42 1 0.001
0.5124740818072161

:43 1 0.001
0.5302125727368769

:44 1 0.001
0.5242969673252581

:45 1 0.001
0.5059347825240161

:46 1 0.001
0.49007475572027387

:47 1 0.001
0.49875518144312975

:48 1 0.001
0.4949480604484633

:49 1 0.001
0.4797444193608329

:50 1 0.001
0.47805187552633116

:2 1 0.0001
1.9999999973828053

:3 1 0.0001
1.731989481418734

:4 1 0.0001
1.632805254310376

:5 1 0.0001
1.4139088198482754

:6 1 0.0001
1.4138352027933898

:7 1 0.0001
1.185838370077362

:8 1 0.0001
1.1772095451000515

:9 1 0.0001
1.127433802818765

:10 1 0.0001
1.058455191515103

:11 1 0.0001
0.9845275267962564

:12 1 0.0001
1.0513672514352639

:13 1 0.0001
0.9020392194781715

:14 1 0.0001
0.8928135142467116

:15 1 0.0001
0.8383505103185073

:16 1 0.0001
0.8481422763634674

:17 1 0.0001
0.8410508116725485

:18 1 0.0001
0.8007127620715194

:19 1 0.0001
0.7713433468924515

:20 1 0.0001
0.7846848288400284

:21 1 0.0001
0.748321736454466

:22 1 0.0001
0.7269443735656727

:23 1 0.0001
0.7042710933191335

:24 1 0.0001
0.720186703305057

:25 1 0.0001
0.6827234658137479

:26 1 0.0001
0.6710593685825321

:27 1 0.0001
0.673372751484686

:28 1 0.0001
0.6481184933257041

:29 1 0.0001
0.6254319970076831

:30 1 0.0001
0.6303638393223407

:31 1 0.0001
0.6214040031291674

:32 1 0.0001
0.6403105314712946

:33 1 0.0001
0.589985797504713

:34 1 0.0001
0.5827946633853531

:35 1 0.0001
0.5677923339711886

:36 1 0.0001
0.5656588674232704

:37 1 0.0001
0.5560059262413299

:38 1 0.0001
0.5635882120540318

:39 1 0.0001
0.5445904081725265

:40 1 0.0001
0.5421120888666197

:41 1 0.0001
0.5337322872131754

:42 1 0.0001
0.5162218636069905

:43 1 0.0001
0.5123484722521676

:44 1 0.0001
0.516791547111336

:45 1 0.0001
0.5077397220049943

:46 1 0.0001
0.4963517724526265

:47 1 0.0001
0.493862866492954

:48 1 0.0001
0.5069437698458769

:49 1 0.0001
0.4858949655147871

:50 1 0.0001
0.4778175669311002

