:2 5 0.1
1.9999777335077404

:3 5 0.1
1.7163697900542283

:4 5 0.1
1.5850971598174377

:5 5 0.1
1.3356649990942835

:6 5 0.1
1.3154019191267718

:7 5 0.1
1.1654588430117199

:8 5 0.1
1.1033575122617543

:9 5 0.1
1.0238975757241888

:10 5 0.1
1.0006602012328207

:11 5 0.1
0.9517064193098742

:12 5 0.1
0.9519757766087871

:13 5 0.1
0.8725431430472234

:14 5 0.1
0.8598477055603039

:15 5 0.1
0.8212709996707815

:16 5 0.1
0.7992179031584339

:17 5 0.1
0.7890073720005223

:18 5 0.1
0.7631721960438308

:19 5 0.1
0.7523078914762357

:20 5 0.1
0.7211343203005725

:21 5 0.1
0.6909353165078893

:22 5 0.1
0.6958526608573473

:23 5 0.1
0.6587364682217461

:24 5 0.1
0.6672571073292916

:25 5 0.1
0.6322166900044711

:26 5 0.1
0.6101560888704108

:27 5 0.1
0.6017505702554796

:28 5 0.1
0.5766672644303965

:29 5 0.1
0.5680488999983716

:30 5 0.1
0.5623950144574226

:31 5 0.1
0.5361949955710352

:32 5 0.1
0.5242996716539411

:33 5 0.1
0.5267793066332579

:34 5 0.1
0.5032142560774803

:35 5 0.1
0.49354612009023713

:36 5 0.1
0.48514276664389944

:37 5 0.1
0.4800389697585114

:38 5 0.1
0.4622201081220274

:39 5 0.1
0.4520179536911699

:40 5 0.1
0.435982126988862

:41 5 0.1
0.4485253812481422

:42 5 0.1
0.4260839888227723

:43 5 0.1
0.4289960895428144

:44 5 0.1
0.4266084157116313

:45 5 0.1
0.4318270953950753

:46 5 0.1
0.416987258309133

:47 5 0.1
0.4007536248119617

:48 5 0.1
0.40103573139725346

:49 5 0.1
0.39325697299686074

:50 5 0.1
0.39152398325797716

:2 5 0.01
1.9998504153118086

:3 5 0.01
1.72907229641093

:4 5 0.01
1.6140010951267696

:5 5 0.01
1.3984552306041633

:6 5 0.01
1.3997214399947344

:7 5 0.01
1.1835008690441502

:8 5 0.01
1.1595035401681923

:9 5 0.01
1.1244858889445632

:10 5 0.01
1.0572063924164097

:11 5 0.01
0.9871307444662077

:12 5 0.01
1.0389051233538473

:13 5 0.01
0.9041007836695537

:14 5 0.01
0.885470794682858

:15 5 0.01
0.8625031272699327

:16 5 0.01
0.8484825124894688

:17 5 0.01
0.8393881286706621

:18 5 0.01
0.8023902068517147

:19 5 0.01
0.7705869670461194

:20 5 0.01
0.7840046726862732

:21 5 0.01
0.7508190477431956

:22 5 0.01
0.7378986712187613

:23 5 0.01
0.7034375555522855

:24 5 0.01
0.714175741206346

:25 5 0.01
0.6792396677196822

:26 5 0.01
0.669868827104183

:27 5 0.01
0.672387657977464

:28 5 0.01
0.6452731394639424

:29 5 0.01
0.6208830905060487

:30 5 0.01
0.6298826794903332

:31 5 0.01
0.6106199605846818

:32 5 0.01
0.6249692661869107

:33 5 0.01
0.5856067274614635

:34 5 0.01
0.5753642062536484

:35 5 0.01
0.5653237571378699

:36 5 0.01
0.5638181521129767

:37 5 0.01
0.5589162990770759

:38 5 0.01
0.5419525269510044

:39 5 0.01
0.5252992624163593

:40 5 0.01
0.5361027644755317

:41 5 0.01
0.520253098538271

:42 5 0.01
0.5253186157469195

:43 5 0.01
0.5101390899322215

:44 5 0.01
0.507059758532907

:45 5 0.01
0.5013376450245299

:46 5 0.01
0.4854901524973217

:47 5 0.01
0.4846222878513767

:48 5 0.01
0.4826191924306742

:49 5 0.01
0.4847256992368634

:50 5 0.01
0.4652883015372978

:2 5 0.001
1.9999995054499171

:3 5 0.001
1.7311169930393848

:4 5 0.001
1.6314925008897827

:5 5 0.001
1.408335512831175

:6 5 0.001
1.4124828101191305

:7 5 0.001
1.1994514660172177

:8 5 0.001
1.1765331740682272

:9 5 0.001
1.132032652473773

:10 5 0.001
1.0581112055590443

:11 5 0.001
0.984976254365406

:12 5 0.001
1.0500693386980644

:13 5 0.001
0.894339382601414

:14 5 0.001
0.892642377151189

:15 5 0.001
0.8391170510297461

:16 5 0.001
0.8320247343439097

:17 5 0.001
0.8302473650563112

:18 5 0.001
0.8017925884311334

:19 5 0.001
0.7685274490702675

:20 5 0.001
0.7817056101195793

:21 5 0.001
0.7473438728712232

:22 5 0.001
0.7415149566719252

:23 5 0.001
0.6946940406615166

:24 5 0.001
0.7162564606841424

:25 5 0.001
0.6854518355873984

:26 5 0.001
0.6647703738359944

:27 5 0.001
0.6821683132284496

:28 5 0.001
0.6498000453224493

:29 5 0.001
0.625761729131763

:30 5 0.001
0.6335477531732631

:31 5 0.001
0.6235601361698007

:32 5 0.001
0.6388248827531053

:33 5 0.001
0.5897228470571158

:34 5 0.001
0.5784190220665445

:35 5 0.001
0.5724743382871605

:36 5 0.001
0.5721478924758411

:37 5 0.001
0.549112988939663

:38 5 0.001
0.5628986381801413

:39 5 0.001
0.5477342077950279

:40 5 0.001
0.5453251315093718

:41 5 0.001
0.5261584567951799

:42 5 0.001
0.5268195413528716

:43 5 0.001
0.5288779790544004

:44 5 0.001
0.5071026997676368

:45 5 0.001
0.5187213104810265

:46 5 0.001
0.49539524574603183

:47 5 0.001
0.49629935011455345

:48 5 0.001
0.4888131626228842

:49 5 0.001
0.48417204466132874

:50 5 0.001
0.47665263114833367

:2 5 0.0001
1.9999999270149773

:3 5 0.0001
1.7318681242546299

:4 5 0.0001
1.6328276811768851

:5 5 0.0001
1.413391872812191

:6 5 0.0001
1.412645239765604

:7 5 0.0001
1.1806856018221032

:8 5 0.0001
1.16687277990301

:9 5 0.0001
1.1235309899183419

:10 5 0.0001
1.0635013562313491

:11 5 0.0001
0.9844786686758287

:12 5 0.0001
1.0496286240486115

:13 5 0.0001
0.9124468624044377

:14 5 0.0001
0.8877921844854533

:15 5 0.0001
0.8374051908187711

:16 5 0.0001
0.8372533041816613

:17 5 0.0001
0.8343070368482172

:18 5 0.0001
0.800396243581174

:19 5 0.0001
0.7623755849777966

:20 5 0.0001
0.783349813042706

:21 5 0.0001
0.7476947579957094

:22 5 0.0001
0.7384454490336599

:23 5 0.0001
0.705427367178348

:24 5 0.0001
0.7173220205971319

:25 5 0.0001
0.6789498137874799

:26 5 0.0001
0.6672264518204298

:27 5 0.0001
0.6769063435651809

:28 5 0.0001
0.6484978160775968

:29 5 0.0001
0.624013743463738

:30 5 0.0001
0.6327593967208137

:31 5 0.0001
0.6061246103537651

:32 5 0.0001
0.6375852637875471

:33 5 0.0001
0.5926507690479221

:34 5 0.0001
0.5754372582522962

:35 5 0.0001
0.5776231135162387

:36 5 0.0001
0.5750254411333792

:37 5 0.0001
0.5532313045861849

:38 5 0.0001
0.5495133301870276

:39 5 0.0001
0.5503712287514471

:40 5 0.0001
0.5440314993657572

:41 5 0.0001
0.534043824288826

:42 5 0.0001
0.5282375038064965

:43 5 0.0001
0.5144628024792021

:44 5 0.0001
0.5145870784778459

:45 5 0.0001
0.5179734120250709

:46 5 0.0001
0.49268973389676063

:47 5 0.0001
0.49450813630403495

:48 5 0.0001
0.5033845518361195

:49 5 0.0001
0.4764419125133807

:50 5 0.0001
0.48014660827198585

:2 3 0.1
1.9993878332137036

:3 3 0.1
1.6877092503290843

:4 3 0.1
1.5720249351054816

:5 3 0.1
1.3501107021926895

:6 3 0.1
1.2813124949812094

:7 3 0.1
1.1894212387959155

:8 3 0.1
1.1043057283498439

:9 3 0.1
1.0621561887726243

:10 3 0.1
1.0137824443597199

:11 3 0.1
0.9329018580147429

:12 3 0.1
0.8876376609859036

:13 3 0.1
0.8645367577736923

:14 3 0.1
0.8367511072944166

:15 3 0.1
0.8027511289058306

:16 3 0.1
0.8107737076320803

:17 3 0.1
0.7833051715558851

:18 3 0.1
0.7741560873293302

:19 3 0.1
0.7275908176258247

:20 3 0.1
0.7291064431996587

:21 3 0.1
0.704908520071389

:22 3 0.1
0.6894543732065221

:23 3 0.1
0.6858457349924003

:24 3 0.1
0.6632123640521562

:25 3 0.1
0.6397312013187404

:26 3 0.1
0.622325608676695

:27 3 0.1
0.6096239946989753

:28 3 0.1
0.5818506972270757

:29 3 0.1
0.5612816375486053

:30 3 0.1
0.5559725025295789

:31 3 0.1
0.5419724162201075

:32 3 0.1
0.5346654914164888

:33 3 0.1
0.5401228905971848

:34 3 0.1
0.5194568029841699

:35 3 0.1
0.5117844491106625

:36 3 0.1
0.507012614851143

:37 3 0.1
0.4913721133922459

:38 3 0.1
0.47936391738569667

:39 3 0.1
0.4809829812190735

:40 3 0.1
0.4633236090288914

:41 3 0.1
0.46444496324939055

:42 3 0.1
0.4551381380894087

:43 3 0.1
0.44956683016305626

:44 3 0.1
0.45093524398976204

:45 3 0.1
0.4413184374136123

:46 3 0.1
0.4238145279594812

:47 3 0.1
0.4418003716450218

:48 3 0.1
0.4135889585214727

:49 3 0.1
0.4083667063797722

:50 3 0.1
0.408640597756537

:2 3 0.01
1.9998907639987247

:3 3 0.01
1.7305550794855111

:4 3 0.01
1.6181379544281738

:5 3 0.01
1.4035743206471094

:6 3 0.01
1.3974289146778183

:7 3 0.01
1.2035724532342373

:8 3 0.01
1.1588748762389642

:9 3 0.01
1.1192569020174346

:10 3 0.01
1.0553021834591794

:11 3 0.01
0.9888188428414181

:12 3 0.01
1.0391954675586346

:13 3 0.01
0.8990516815539844

:14 3 0.01
0.886143972366276

:15 3 0.01
0.8479894713895506

:16 3 0.01
0.8345278291900381

:17 3 0.01
0.8293594892321914

:18 3 0.01
0.8057229315200112

:19 3 0.01
0.7593875503608039

:20 3 0.01
0.7815827407260821

:21 3 0.01
0.7520700445629355

:22 3 0.01
0.7387030463046513

:23 3 0.01
0.7070118207062573

:24 3 0.01
0.7151392348801001

:25 3 0.01
0.6823893228230072

:26 3 0.01
0.6713443999923769

:27 3 0.01
0.6759900557933866

:28 3 0.01
0.6463578031620372

:29 3 0.01
0.6229018710421391

:30 3 0.01
0.6228154010397297

:31 3 0.01
0.6227555381716184

:32 3 0.01
0.6148211676498029

:33 3 0.01
0.591645303192708

:34 3 0.01
0.5821836190599997

:35 3 0.01
0.5750729248015957

:36 3 0.01
0.564462058506426

:37 3 0.01
0.5541395223757826

:38 3 0.01
0.552252326040041

:39 3 0.01
0.5389697198581902

:40 3 0.01
0.538179623963371

:41 3 0.01
0.5175491569225747

:42 3 0.01
0.5129853253637758

:43 3 0.01
0.5143465854367832

:44 3 0.01
0.5047479365968468

:45 3 0.01
0.514674637170073

:46 3 0.01
0.4950703404458659

:47 3 0.01
0.4861172053878762

:48 3 0.01
0.4741773179627358

:49 3 0.01
0.4664311382212751

:50 3 0.01
0.4737654619497589

:2 3 0.001
1.9999949163723858

:3 3 0.001
1.7313026918557932

:4 3 0.001
1.6306829737282345

:5 3 0.001
1.3870549984809861

:6 3 0.001
1.411907737640548

:7 3 0.001
1.1929212746886522

:8 3 0.001
1.1534800240869596

:9 3 0.001
1.1305519240604471

:10 3 0.001
1.0588134891721848

:11 3 0.001
0.9836153037078469

:12 3 0.001
1.0502713959130505

:13 3 0.001
0.8921833564179714

:14 3 0.001
0.8884712574348792

:15 3 0.001
0.8484403142781233

:16 3 0.001
0.8299799242232377

:17 3 0.001
0.8300881159449255

:18 3 0.001
0.8035818997915568

:19 3 0.001
0.7676443514973843

:20 3 0.001
0.7865787488817048

:21 3 0.001
0.7496218365332469

:22 3 0.001
0.7383835384879123

:23 3 0.001
0.7000116510074275

:24 3 0.001
0.709492717309787

:25 3 0.001
0.6831482656493343

:26 3 0.001
0.6699905983162832

:27 3 0.001
0.6698298026538251

:28 3 0.001
0.6481122504919224

:29 3 0.001
0.6247943681704822

:30 3 0.001
0.6335552792079634

:31 3 0.001
0.6151822081087369

:32 3 0.001
0.639214791965867

:33 3 0.001
0.5815520559156242

:34 3 0.001
0.5747198204053283

:35 3 0.001
0.5720462140242186

:36 3 0.001
0.5717229861830015

:37 3 0.001
0.5561213962811767

:38 3 0.001
0.5527304913769069

:39 3 0.001
0.5344106070761246

:40 3 0.001
0.5352658944375377

:41 3 0.001
0.5318979188572549

:42 3 0.001
0.5379380406429953

:43 3 0.001
0.5242300808506959

:44 3 0.001
0.5317430621177996

:45 3 0.001
0.5055931476540543

:46 3 0.001
0.5001777129064129

:47 3 0.001
0.4930146076085429

:48 3 0.001
0.5030844306857338

:49 3 0.001
0.47316238954937545

:50 3 0.001
0.4753147538636329

:2 3 0.0001
1.9999998435675448

:3 3 0.0001
1.731966416422207

:4 3 0.0001
1.6328419179926421

:5 3 0.0001
1.413919928211221

:6 3 0.0001
1.41388287059904

:7 3 0.0001
1.18252946120118

:8 3 0.0001
1.1704522618813338

:9 3 0.0001
1.1306462818708427

:10 3 0.0001
1.063979106278661

:11 3 0.0001
0.9846701555151243

:12 3 0.0001
1.0477847671719325

:13 3 0.0001
0.8898527696976597

:14 3 0.0001
0.8822671402997773

:15 3 0.0001
0.8412177401301736

:16 3 0.0001
0.8455557622643258

:17 3 0.0001
0.8339637376923076

:18 3 0.0001
0.8001408768154296

:19 3 0.0001
0.759741506560574

:20 3 0.0001
0.7842691855218993

:21 3 0.0001
0.7472777631880839

:22 3 0.0001
0.7392787933075201

:23 3 0.0001
0.7027953363432737

:24 3 0.0001
0.7092707981952316

:25 3 0.0001
0.6815186629198293

:26 3 0.0001
0.6708255811204792

:27 3 0.0001
0.6707200449177376

:28 3 0.0001
0.6493692859481637

:29 3 0.0001
0.6246954418357268

:30 3 0.0001
0.6309602134948278

:31 3 0.0001
0.6074076696260253

:32 3 0.0001
0.6405565921969644

:33 3 0.0001
0.5803962852062216

:34 3 0.0001
0.5848543994355437

:35 3 0.0001
0.5724709269643364

:36 3 0.0001
0.5692793070426863

:37 3 0.0001
0.5569072830229707

:38 3 0.0001
0.5539191641098751

:39 3 0.0001
0.5303534713308447

:40 3 0.0001
0.5316015505617228

:41 3 0.0001
0.537799491966266

:42 3 0.0001
0.5243025474270885

:43 3 0.0001
0.5099698169690292

:44 3 0.0001
0.5167833517072965

:45 3 0.0001
0.5115831990649354

:46 3 0.0001
0.505711926025562

:47 3 0.0001
0.49253546418368893

:48 3 0.0001
0.4760120611024213

:49 3 0.0001
0.4876934419513537

:50 3 0.0001
0.48089251131714866

:2 2 0.1
1.9993495072857836

:3 2 0.1
1.7179747724700543

:4 2 0.1
1.5385769497781003

:5 2 0.1
1.354190659109591

:6 2 0.1
1.2884073562530247

:7 2 0.1
1.1651304215190794

:8 2 0.1
1.1002566475873674

:9 2 0.1
1.0556818800226566

:10 2 0.1
1.0157243877936548

:11 2 0.1
0.929491508803879

:12 2 0.1
0.9706696512830143

:13 2 0.1
0.8856527205688862

:14 2 0.1
0.8694478506539204

:15 2 0.1
0.830905687585623

:16 2 0.1
0.8047172082668882

:17 2 0.1
0.7950465876865075

:18 2 0.1
0.7586085400772077

:19 2 0.1
0.7246518530704238

:20 2 0.1
0.7258747550975269

:21 2 0.1
0.7045921394214072

:22 2 0.1
0.690835036983711

:23 2 0.1
0.6602021893449997

:24 2 0.1
0.6871167792471288

:25 2 0.1
0.6353424131965543

:26 2 0.1
0.639095622186428

:27 2 0.1
0.6180609741595537

:28 2 0.1
0.5928779546931348

:29 2 0.1
0.5700244013308348

:30 2 0.1
0.5883362811759725

:31 2 0.1
0.5598824159404087

:32 2 0.1
0.5577269403917465

:33 2 0.1
0.5400296997965173

:34 2 0.1
0.5169764123512591

:35 2 0.1
0.5221539848727869

:36 2 0.1
0.5105522618167799

:37 2 0.1
0.48944933898599857

:38 2 0.1
0.489768391732274

:39 2 0.1
0.48520126841505634

:40 2 0.1
0.48412145285077895

:41 2 0.1
0.4723058710845999

:42 2 0.1
0.45865835593861753

:43 2 0.1
0.4619274047604072

:44 2 0.1
0.4391240611774858

:45 2 0.1
0.4394646770230555

:46 2 0.1
0.4381147348171379

:47 2 0.1
0.42457505327162076

:48 2 0.1
0.43516744970739213

:49 2 0.1
0.43345104633797454

:50 2 0.1
0.40481251315196043

:2 2 0.01
1.9999777189506307

:3 2 0.01
1.7312547601335195

:4 2 0.01
1.6203266097959492

:5 2 0.01
1.3801164382402609

:6 2 0.01
1.4031323062052428

:7 2 0.01
1.1828024503199248

:8 2 0.01
1.1678686326069645

:9 2 0.01
1.1230257872830525

:10 2 0.01
1.0612728965393632

:11 2 0.01
0.9858271774280083

:12 2 0.01
1.0342936653466326

:13 2 0.01
0.9016408167534399

:14 2 0.01
0.8860555815445191

:15 2 0.01
0.8475201733702383

:16 2 0.01
0.8395213480672385

:17 2 0.01
0.8249820945209428

:18 2 0.01
0.8050960335281694

:19 2 0.01
0.764859202926789

:20 2 0.01
0.7852334892281091

:21 2 0.01
0.7514147810245834

:22 2 0.01
0.7370622363232909

:23 2 0.01
0.6987218094923682

:24 2 0.01
0.7133409731395487

:25 2 0.01
0.6844409518928379

:26 2 0.01
0.6740874054124175

:27 2 0.01
0.6747636592653591

:28 2 0.01
0.644818904982628

:29 2 0.01
0.6228693773293057

:30 2 0.01
0.6288384208905209

:31 2 0.01
0.6160917640314173

:32 2 0.01
0.6273998918608311

:33 2 0.01
0.5823057106464046

:34 2 0.01
0.586983288878109

:35 2 0.01
0.5627476580591123

:36 2 0.01
0.5640822661691667

:37 2 0.01
0.5528811674686541

:38 2 0.01
0.5460397209180968

:39 2 0.01
0.5285585504006877

:40 2 0.01
0.5385293779874901

:41 2 0.01
0.5325285865226

:42 2 0.01
0.5180084814826521

:43 2 0.01
0.5133603305353204

:44 2 0.01
0.5135586101896857

:45 2 0.01
0.48644275932783637

:46 2 0.01
0.5018557677109574

:47 2 0.01
0.49158145826532107

:48 2 0.01
0.4900792222136743

:49 2 0.01
0.47737656896335406

:50 2 0.01
0.47894448176487386

:2 2 0.001
1.999995308939658

:3 2 0.001
1.7318431463731994

:4 2 0.001
1.6318582937396753

:5 2 0.001
1.412606189806837

:6 2 0.001
1.412030794935224

:7 2 0.001
1.1841628485933555

:8 2 0.001
1.17589881704788

:9 2 0.001
1.1311758835599104

:10 2 0.001
1.0606179885632432

:11 2 0.001
0.9838731592560342

:12 2 0.001
1.0501975477061067

:13 2 0.001
0.8909061670160977

:14 2 0.001
0.8754634469507215

:15 2 0.001
0.8433575981052773

:16 2 0.001
0.8455267307096698

:17 2 0.001
0.8319182390023813

:18 2 0.001
0.7987562318359788

:19 2 0.001
0.762977132902722

:20 2 0.001
0.7829432308310166

:21 2 0.001
0.7432653036013015

:22 2 0.001
0.7388109468159133

:23 2 0.001
0.7047846805556057

:24 2 0.001
0.7192662327452747

:25 2 0.001
0.682524703820678

:26 2 0.001
0.6700124761539136

:27 2 0.001
0.6746514629645356

:28 2 0.001
0.6498586798279705

:29 2 0.001
0.6260827657446324

:30 2 0.001
0.6205191784118257

:31 2 0.001
0.6181787496866907

:32 2 0.001
0.6021901559944284

:33 2 0.001
0.5903099977671573

:34 2 0.001
0.5833990955544673

:35 2 0.001
0.5697250511153105

:36 2 0.001
0.5741766574759322

:37 2 0.001
0.5513106138433895

:38 2 0.001
0.5533732391387965

:39 2 0.001
0.5361631110277504

:40 2 0.001
0.5308865034820665

:41 2 0.001
0.5331727442599661

:42 2 0.001
0.5293086524952063

:43 2 0.001
0.5229518766113844

:44 2 0.001
0.5039116011748176

:45 2 0.001
0.4989439981119072

:46 2 0.001
0.5009718740616815

:47 2 0.001
0.4931407410498025

:48 2 0.001
0.48788212892148924

:49 2 0.001
0.4845369657890474

:50 2 0.001
0.47961110765105297

:2 2 0.0001
1.999999954302951

:3 2 0.0001
1.7320319326647764

:4 2 0.0001
1.632750612384987

:5 2 0.0001
1.414034344786525

:6 2 0.0001
1.4139984688470075

:7 2 0.0001
1.20114084709931

:8 2 0.0001
1.158610571602904

:9 2 0.0001
1.1336373156055604

:10 2 0.0001
1.0607268813650308

:11 2 0.0001
0.9860449343009484

:12 2 0.0001
1.051277395339364

:13 2 0.0001
0.8987383550791725

:14 2 0.0001
0.8775813952309172

:15 2 0.0001
0.8401192929605362

:16 2 0.0001
0.8350853650218331

:17 2 0.0001
0.835768426468734

:18 2 0.0001
0.7997956224414811

:19 2 0.0001
0.768765449759902

:20 2 0.0001
0.7825746226233629

:21 2 0.0001
0.7487715505338541

:22 2 0.0001
0.7414802025827547

:23 2 0.0001
0.7021163694532545

:24 2 0.0001
0.7153611144734322

:25 2 0.0001
0.6820766350674253

:26 2 0.0001
0.6703082585094952

:27 2 0.0001
0.6717938010157175

:28 2 0.0001
0.6489457176083429

:29 2 0.0001
0.6252331718616523

:30 2 0.0001
0.6345575537213004

:31 2 0.0001
0.6115400326149858

:32 2 0.0001
0.6400003969485505

:33 2 0.0001
0.5769335568540997

:34 2 0.0001
0.5776494049960793

:35 2 0.0001
0.5724990489198324

:36 2 0.0001
0.5730576509046882

:37 2 0.0001
0.5550593945255174

:38 2 0.0001
0.5567597345674592

:39 2 0.0001
0.5530905770673834

:40 2 0.0001
0.5411455114418473

:41 2 0.0001
0.5389455806744051

:42 2 0.0001
0.5301341737149483

:43 2 0.0001
0.5088606882617155

:44 2 0.0001
0.5122316662573158

:45 2 0.0001
0.5056097869345557

:46 2 0.0001
0.49017941209278443

:47 2 0.0001
0.4941539213110593

:48 2 0.0001
0.5006048989569551

:49 2 0.0001
0.48448529140913804

:50 2 0.0001
0.4756315318186814

:2 1 0.1
1.9999875338767497

:3 1 0.1
1.7183273883934518

:4 1 0.1
1.5876187795047114

:5 1 0.1
1.3699869421975615

:6 1 0.1
1.3463694893919878

:7 1 0.1
1.1752699087163965

:8 1 0.1
1.115754432958786

:9 1 0.1
1.0559535359858496

:10 1 0.1
0.968112474457659

:11 1 0.1
0.9359574668708154

:12 1 0.1
0.9574200627880299

:13 1 0.1
0.8760239030505897

:14 1 0.1
0.8505868582658508

:15 1 0.1
0.8233553384004143

:16 1 0.1
0.8046303423359337

:17 1 0.1
0.7842535089072133

:18 1 0.1
0.7634136863642507

:19 1 0.1
0.7305929898404173

:20 1 0.1
0.7348800367676575

:21 1 0.1
0.7170601319227315

:22 1 0.1
0.7012703835269551

:23 1 0.1
0.682552123782678

:24 1 0.1
0.6731542124259775

:25 1 0.1
0.644366330194446

:26 1 0.1
0.6272574094518749

:27 1 0.1
0.6298861007082056

:28 1 0.1
0.5914469951944382

:29 1 0.1
0.5902139475879287

:30 1 0.1
0.5662906406223519

:31 1 0.1
0.5622617177643862

:32 1 0.1
0.5714128107349946

:33 1 0.1
0.5536892872241344

:34 1 0.1
0.5319194940656399

:35 1 0.1
0.5190970969633756

:36 1 0.1
0.5076530148898019

:37 1 0.1
0.5109691538951796

:38 1 0.1
0.5031192979959387

:39 1 0.1
0.49177301627223097

:40 1 0.1
0.48855672829456404

:41 1 0.1
0.4788563782673207

:42 1 0.1
0.48062787949034647

:43 1 0.1
0.4717698709108582

:44 1 0.1
0.4590350403103869

:45 1 0.1
0.4625335442391149

:46 1 0.1
0.45648494043105253

:47 1 0.1
0.4425069100033537

:48 1 0.1
0.44301747974161404

:49 1 0.1
0.44055418569850247

:50 1 0.1
0.42674685736608825

:2 1 0.01
1.9999920432773897

:3 1 0.01
1.7279736720894459

:4 1 0.01
1.6244473616309287

:5 1 0.01
1.381633096041785

:6 1 0.01
1.4032713135316568

:7 1 0.01
1.2152005785431346

:8 1 0.01
1.1548942922241634

:9 1 0.01
1.12066355483141

:10 1 0.01
1.0601073435804806

:11 1 0.01
0.9860315033382735

:12 1 0.01
1.0425808315072975

:13 1 0.01
0.9127592374449888

:14 1 0.01
0.8876260300918127

:15 1 0.01
0.8414839422580945

:16 1 0.01
0.840828224558074

:17 1 0.01
0.8394859774412405

:18 1 0.01
0.8042550819794755

:19 1 0.01
0.7647540599446175

:20 1 0.01
0.7812054231715431

:21 1 0.01
0.7533876201271906

:22 1 0.01
0.7372857970373173

:23 1 0.01
0.6965587921384692

:24 1 0.01
0.7158902657190568

:25 1 0.01
0.6843487596698906

:26 1 0.01
0.6735944383667548

:27 1 0.01
0.6722840709460175

:28 1 0.01
0.6471655654839007

:29 1 0.01
0.6232332612950605

:30 1 0.01
0.6308631412409856

:31 1 0.01
0.6231332291718684

:32 1 0.01
0.6294807693281853

:33 1 0.01
0.5889194987640007

:34 1 0.01
0.5822333424151616

:35 1 0.01
0.5791405385912766

:36 1 0.01
0.5629485856096218

:37 1 0.01
0.5574643734516432

:38 1 0.01
0.5489668324327703

:39 1 0.01
0.543631414707243

:40 1 0.01
0.5348161476018277

:41 1 0.01
0.537580237189667

:42 1 0.01
0.5328212465861171

:43 1 0.01
0.5068701473103402

:44 1 0.01
0.5246380338077353

:45 1 0.01
0.5113390336681416

:46 1 0.01
0.5021282191772566

:47 1 0.01
0.49570157506832313

:48 1 0.01
0.4837377475884937

:49 1 0.01
0.482548873445954

:50 1 0.01
0.46695181924541257

:2 1 0.001
1.9999860688854671

:3 1 0.001
1.7315787796777284

:4 1 0.001
1.6301992630702813

:5 1 0.001
1.413697361083572

:6 1 0.001
1.412533993668655

:7 1 0.001
1.1785989888564696

:8 1 0.001
1.1595595874696603

:9 1 0.001
1.133989567501646

:10 1 0.001
1.0581416909443793

:11 1 0.001
0.9877279292062865

:12 1 0.001
1.0500120436589488

:13 1 0.001
0.908460115106342

:14 1 0.001
0.8806653072986733

:15 1 0.001
0.8423256673685854

:16 1 0.001
0.8309023464161059

:17 1 0.001
0.8337475082112888

:18 1 0.001
0.8043363265224185

:19 1 0.001
0.7698211958968971

:20 1 0.001
0.7899208261381748

:21 1 0.001
0.7471550656420974

:22 1 0.001
0.7394026180119885

:23 1 0.001
0.7043606071709606

:24 1 0.001
0.7208545285235638

:25 1 0.001
0.6820090301872698

:26 1 0.001
0.6710211794410021

:27 1 0.001
0.6724848010574487

:28 1 0.001
0.6485031412811917

:29 1 0.001
0.6170894005365938

:30 1 0.001
0.629047240474648

:31 1 0.001
0.6151947510318682

:32 1 0.001
0.6393676948248432

:33 1 0.001
0.5852666226533649

:34 1 0.001
0.5757614773174256

:35 1 0.001
0.572635830941253

:36 1 0.001
0.5767947306048581

:37 1 0.001
0.5550871115105552

:38 1 0.001
0.5625014878811084

:39 1 0.001
0.549930181690301

:40 1 0.001
0.5355149462804328

:41 1 0.001
0.528022208822604

:42 1 0.001
0.5235806064839678

:43 1 0.001
0.5177415168125852

:44 1 0.001
0.5319938773188956

:45 1 0.001
0.5112444325690364

:46 1 0.001
0.49586270366443025

:47 1 0.001
0.493304984386529

:48 1 0.001
0.4935611720528539

:49 1 0.001
0.48923272258393213

:50 1 0.001
0.4788480955923433

:2 1 0.0001
1.999999654762638

:3 1 0.0001
1.7319445765936636

:4 1 0.0001
1.6326858051292275

:5 1 0.0001
1.4137521881227573

:6 1 0.0001
1.41397126378006

:7 1 0.0001
1.206060496282604

:8 1 0.0001
1.17479150896241

:9 1 0.0001
1.132987904745007

:10 1 0.0001
1.0592852254973335

:11 1 0.0001
0.987211180783317

:12 1 0.0001
1.051325360980257

:13 1 0.0001
0.9186526061571637

:14 1 0.0001
0.8816403046071946

:15 1 0.0001
0.8390882796356425

:16 1 0.0001
0.832654775023697

:17 1 0.0001
0.8315526379670497

:18 1 0.0001
0.7986490447754339

:19 1 0.0001
0.7689654702215761

:20 1 0.0001
0.7863286215909548

:21 1 0.0001
0.7492898021657045

:22 1 0.0001
0.7414577459832059

:23 1 0.0001
0.7058021865398335

:24 1 0.0001
0.7207620850380526

:25 1 0.0001
0.6807251896163837

:26 1 0.0001
0.6704059322907737

:27 1 0.0001
0.6755308905429344

:28 1 0.0001
0.650091937515095

:29 1 0.0001
0.6231844145332809

:30 1 0.0001
0.6338411205959982

:31 1 0.0001
0.6245211824473408

:32 1 0.0001
0.6406211170127991

:33 1 0.0001
0.5781319984237349

:34 1 0.0001
0.5775560766585671

:35 1 0.0001
0.5536299126429405

:36 1 0.0001
0.565444405434584

:37 1 0.0001
0.5547093286906251

:38 1 0.0001
0.5514631035545421

:39 1 0.0001
0.5466175731924395

:40 1 0.0001
0.5351855000702771

:41 1 0.0001
0.537758426015016

:42 1 0.0001
0.5304689606811082

:43 1 0.0001
0.5166398851513666

:44 1 0.0001
0.5124133649712902

:45 1 0.0001
0.5123533092755193

:46 1 0.0001
0.5023312458391803

:47 1 0.0001
0.49528187742690727

:48 1 0.0001
0.4753546816142921

:49 1 0.0001
0.48041391987200616

:50 1 0.0001
0.48238019786888137

