:2 5 0.1
1.999561950578637

:3 5 0.1
1.6991546202424812

:4 5 0.1
1.535223942678875

:5 5 0.1
1.3535659482710949

:6 5 0.1
1.3105264552478773

:7 5 0.1
1.1662634519815442

:8 5 0.1
1.1336511984054685

:9 5 0.1
1.0611510447800006

:10 5 0.1
0.9958397971689171

:11 5 0.1
0.9210520331808315

:12 5 0.1
0.95689648792644

:13 5 0.1
0.8698214730470103

:14 5 0.1
0.8507162798985454

:15 5 0.1
0.8374475830847059

:16 5 0.1
0.7924725377159252

:17 5 0.1
0.7742295322326855

:18 5 0.1
0.7672157156793

:19 5 0.1
0.729276188744122

:20 5 0.1
0.7198166896204476

:21 5 0.1
0.6978697195869524

:22 5 0.1
0.6932364584160209

:23 5 0.1
0.6614102453114591

:24 5 0.1
0.6559700240460826

:25 5 0.1
0.619801134527752

:26 5 0.1
0.6275753402392513

:27 5 0.1
0.6246061537945048

:28 5 0.1
0.603169599952138

:29 5 0.1
0.5654382401623476

:30 5 0.1
0.5346223743058366

:31 5 0.1
0.5397398475188341

:32 5 0.1
0.5497616750246723

:33 5 0.1
0.4961259063209173

:34 5 0.1
0.5049771946365554

:35 5 0.1
0.515694640134396

:36 5 0.1
0.493210467362227

:37 5 0.1
0.4850548593968547

:38 5 0.1
0.44317552930727216

:39 5 0.1
0.46149424583123483

:40 5 0.1
0.4594769030366754

:41 5 0.1
0.4508500702776716

:42 5 0.1
0.43993272771209707

:43 5 0.1
0.4266957525325405

:44 5 0.1
0.418614999756475

:45 5 0.1
0.4198534850630892

:46 5 0.1
0.4037549869040717

:47 5 0.1
0.42154044636530724

:48 5 0.1
0.39181443902066954

:49 5 0.1
0.3983297127477297

:50 5 0.1
0.38216444193560517

:2 5 0.01
1.9999992017877561

:3 5 0.01
1.7272663509399777

:4 5 0.01
1.6212996267245758

:5 5 0.01
1.4020688162758697

:6 5 0.01
1.4063900366407178

:7 5 0.01
1.2007071345671931

:8 5 0.01
1.173237343851997

:9 5 0.01
1.1255372191920145

:10 5 0.01
1.0568569787357116

:11 5 0.01
0.9848071815852846

:12 5 0.01
1.0409960990112765

:13 5 0.01
0.8958885915534621

:14 5 0.01
0.8876699321872049

:15 5 0.01
0.8479882785666626

:16 5 0.01
0.8435086038934946

:17 5 0.01
0.8286420614278068

:18 5 0.01
0.805803354076773

:19 5 0.01
0.7702351809186488

:20 5 0.01
0.7800455839397107

:21 5 0.01
0.7512569638832048

:22 5 0.01
0.7392695670629217

:23 5 0.01
0.7051505584558057

:24 5 0.01
0.7133480128015304

:25 5 0.01
0.6826259976291493

:26 5 0.01
0.6710940401683145

:27 5 0.01
0.6716063308192125

:28 5 0.01
0.6450760917442444

:29 5 0.01
0.6227361435016754

:30 5 0.01
0.6314982347100149

:31 5 0.01
0.6142290787342608

:32 5 0.01
0.6273437809721619

:33 5 0.01
0.5764403449058672

:34 5 0.01
0.5774166079586139

:35 5 0.01
0.5686411095761058

:36 5 0.01
0.5556569390917973

:37 5 0.01
0.5504799967007857

:38 5 0.01
0.5510506891190979

:39 5 0.01
0.5362062455254929

:40 5 0.01
0.5376390477631057

:41 5 0.01
0.5233991881538035

:42 5 0.01
0.5129151207626007

:43 5 0.01
0.5141256025735468

:44 5 0.01
0.5213683894273152

:45 5 0.01
0.505822165424989

:46 5 0.01
0.4975812620601951

:47 5 0.01
0.48736341171578884

:48 5 0.01
0.4942047665037113

:49 5 0.01
0.47368067202616815

:50 5 0.01
0.46391856650941166

:2 5 0.001
1.9999997629411734

:3 5 0.001
1.7318706131469945

:4 5 0.001
1.6315737454507995

:5 5 0.001
1.379662421555589

:6 5 0.001
1.411563705476353

:7 5 0.001
1.2024529163074624

:8 5 0.001
1.1580670967963889

:9 5 0.001
1.1299386247564607

:10 5 0.001
1.0592350051832802

:11 5 0.001
0.9853487812001717

:12 5 0.001
1.0497099982986415

:13 5 0.001
0.8887891478317865

:14 5 0.001
0.8882315469278467

:15 5 0.001
0.8412220506777426

:16 5 0.001
0.8289253413778597

:17 5 0.001
0.8322170739114848

:18 5 0.001
0.8069177443781848

:19 5 0.001
0.767121231690234

:20 5 0.001
0.7907286476476085

:21 5 0.001
0.7505292458697391

:22 5 0.001
0.7383299995421942

:23 5 0.001
0.7039060776305734

:24 5 0.001
0.7189617717452009

:25 5 0.001
0.6805897020143526

:26 5 0.001
0.6709128825738793

:27 5 0.001
0.6701801355894134

:28 5 0.001
0.6492820887651055

:29 5 0.001
0.626285121922966

:30 5 0.001
0.6263875185532565

:31 5 0.001
0.6006502253613647

:32 5 0.001
0.6326454610842487

:33 5 0.001
0.5927400391486874

:34 5 0.001
0.585336767397539

:35 5 0.001
0.5702824850778018

:36 5 0.001
0.5723481080435516

:37 5 0.001
0.5444543079536068

:38 5 0.001
0.5602805633167335

:39 5 0.001
0.5357544584437798

:40 5 0.001
0.5251921112881196

:41 5 0.001
0.5426429215395928

:42 5 0.001
0.5279760249067144

:43 5 0.001
0.5327413875193118

:44 5 0.001
0.5314602236782012

:45 5 0.001
0.5013339069682812

:46 5 0.001
0.4935836097313509

:47 5 0.001
0.49287681771302566

:48 5 0.001
0.49932904584082943

:49 5 0.001
0.48729094174647

:50 5 0.001
0.4740834158427614

:2 5 0.0001
1.999994898819537

:3 5 0.0001
1.7319472947201289

:4 5 0.0001
1.6327202407416712

:5 5 0.0001
1.411130308474527

:6 5 0.0001
1.4133733911605655

:7 5 0.0001
1.1829719116272353

:8 5 0.0001
1.154214623743508

:9 5 0.0001
1.1288542596355187

:10 5 0.0001
1.062973437397579

:11 5 0.0001
0.9838486466225819

:12 5 0.0001
1.0513466008652645

:13 5 0.0001
0.8916574181386073

:14 5 0.0001
0.892522366372563

:15 5 0.0001
0.8581952906074131

:16 5 0.0001
0.8501137444013978

:17 5 0.0001
0.8444396066991645

:18 5 0.0001
0.800004451581711

:19 5 0.0001
0.7681923015979012

:20 5 0.0001
0.7870417927055486

:21 5 0.0001
0.7468673711394803

:22 5 0.0001
0.7389746409222128

:23 5 0.0001
0.7048206133391806

:24 5 0.0001
0.7194980863385965

:25 5 0.0001
0.6824300534569234

:26 5 0.0001
0.6703034799287532

:27 5 0.0001
0.6743770843706519

:28 5 0.0001
0.6499279896441547

:29 5 0.0001
0.6248350746801388

:30 5 0.0001
0.625362284764314

:31 5 0.0001
0.6119616113463876

:32 5 0.0001
0.6403443631262116

:33 5 0.0001
0.589511288486779

:34 5 0.0001
0.5772911529294152

:35 5 0.0001
0.5682045330416008

:36 5 0.0001
0.5591305239192828

:37 5 0.0001
0.5518335237543905

:38 5 0.0001
0.5559722179059537

:39 5 0.0001
0.5416125402369166

:40 5 0.0001
0.5257955179451043

:41 5 0.0001
0.5427189849198142

:42 5 0.0001
0.5272943093540138

:43 5 0.0001
0.5300280414110988

:44 5 0.0001
0.5046609801176835

:45 5 0.0001
0.5102655776711162

:46 5 0.0001
0.5001969457569072

:47 5 0.0001
0.492045542782332

:48 5 0.0001
0.49616646036812334

:49 5 0.0001
0.4806584284978633

:50 5 0.0001
0.4811325806981462

:2 3 0.1
1.9998416232297538

:3 3 0.1
1.7168533709972016

:4 3 0.1
1.541471354192273

:5 3 0.1
1.3819181539255856

:6 3 0.1
1.2406003305546678

:7 3 0.1
1.171913898044745

:8 3 0.1
1.1262419286467484

:9 3 0.1
1.0694569722294758

:10 3 0.1
1.017471607742637

:11 3 0.1
0.9528055661742458

:12 3 0.1
0.9609780087000286

:13 3 0.1
0.8840274344875634

:14 3 0.1
0.84491594370484

:15 3 0.1
0.804261542060375

:16 3 0.1
0.8046198357033375

:17 3 0.1
0.775292561098972

:18 3 0.1
0.749079400620805

:19 3 0.1
0.7414610989072749

:20 3 0.1
0.7189766609511613

:21 3 0.1
0.7115285476910658

:22 3 0.1
0.6822081407266137

:23 3 0.1
0.661997569784938

:24 3 0.1
0.6661462543078319

:25 3 0.1
0.6422939486358031

:26 3 0.1
0.6149550975461154

:27 3 0.1
0.6168859143309511

:28 3 0.1
0.6112491052386894

:29 3 0.1
0.5760358378940504

:30 3 0.1
0.5876123944022086

:31 3 0.1
0.554238150824081

:32 3 0.1
0.5458280000847591

:33 3 0.1
0.5124814607046513

:34 3 0.1
0.520378188685562

:35 3 0.1
0.4976217499240616

:36 3 0.1
0.5002194078480476

:37 3 0.1
0.4945513537758141

:38 3 0.1
0.48621224016593007

:39 3 0.1
0.4636465021161999

:40 3 0.1
0.4628524644207228

:41 3 0.1
0.4604671367897763

:42 3 0.1
0.4571633619512112

:43 3 0.1
0.4366629261368435

:44 3 0.1
0.4309050799648802

:45 3 0.1
0.4355792721555603

:46 3 0.1
0.43687744927970523

:47 3 0.1
0.43287112352907475

:48 3 0.1
0.4201761388030083

:49 3 0.1
0.41343655303092425

:50 3 0.1
0.39781026645947537

:2 3 0.01
1.9998646815966576

:3 3 0.01
1.7311402692897595

:4 3 0.01
1.621649729221524

:5 3 0.01
1.4064483757692676

:6 3 0.01
1.39754528005953

:7 3 0.01
1.1948362167953164

:8 3 0.01
1.159953018760907

:9 3 0.01
1.116381998074877

:10 3 0.01
1.0576567938934278

:11 3 0.01
0.9831157720370939

:12 3 0.01
1.0408847261827345

:13 3 0.01
0.8952868290487821

:14 3 0.01
0.8878134768145075

:15 3 0.01
0.845042252082083

:16 3 0.01
0.8437634539765669

:17 3 0.01
0.8394282400732953

:18 3 0.01
0.8038901164050364

:19 3 0.01
0.7644779010470931

:20 3 0.01
0.7815084876980453

:21 3 0.01
0.7506972847855895

:22 3 0.01
0.7375286788023111

:23 3 0.01
0.704799888599508

:24 3 0.01
0.708769029919591

:25 3 0.01
0.686466432385166

:26 3 0.01
0.6718018436182603

:27 3 0.01
0.6690604154170342

:28 3 0.01
0.6469399462728218

:29 3 0.01
0.6259478799746708

:30 3 0.01
0.6240234471510775

:31 3 0.01
0.6116806952517415

:32 3 0.01
0.6230751785763333

:33 3 0.01
0.5883581153053311

:34 3 0.01
0.5753417450210748

:35 3 0.01
0.5734986315971367

:36 3 0.01
0.5587074186386259

:37 3 0.01
0.5527752690637816

:38 3 0.01
0.5518298371629905

:39 3 0.01
0.5442006669179119

:40 3 0.01
0.541857056449366

:41 3 0.01
0.5273652353007258

:42 3 0.01
0.5272645058191545

:43 3 0.01
0.5130965964858396

:44 3 0.01
0.5088474401509877

:45 3 0.01
0.49995068521311264

:46 3 0.01
0.5017997156758097

:47 3 0.01
0.48679017283714127

:48 3 0.01
0.47675352264629317

:49 3 0.01
0.4801018715850276

:50 3 0.01
0.46796754473203367

:2 3 0.001
1.9999959098418183

:3 3 0.001
1.7302879563350844

:4 3 0.001
1.631445570523996

:5 3 0.001
1.4125398839636194

:6 3 0.001
1.4126299412813934

:7 3 0.001
1.2041442861939415

:8 3 0.001
1.1766559776825767

:9 3 0.001
1.1219302960859745

:10 3 0.001
1.0603249357935205

:11 3 0.001
0.9879419635298886

:12 3 0.001
1.0506015908569197

:13 3 0.001
0.8894589771278483

:14 3 0.001
0.8925998766355013

:15 3 0.001
0.8452244447146203

:16 3 0.001
0.8297787462357492

:17 3 0.001
0.8297092144565315

:18 3 0.001
0.8005196073377957

:19 3 0.001
0.7740526400702925

:20 3 0.001
0.7849526312771334

:21 3 0.001
0.749034030183219

:22 3 0.001
0.7413483810651402

:23 3 0.001
0.6962077826093013

:24 3 0.001
0.7061389634851049

:25 3 0.001
0.6800661558548051

:26 3 0.001
0.6704218057799136

:27 3 0.001
0.673391660549017

:28 3 0.001
0.6501607707156186

:29 3 0.001
0.6236280844762069

:30 3 0.001
0.6313514036722472

:31 3 0.001
0.6235061830515266

:32 3 0.001
0.6354217051279328

:33 3 0.001
0.5821618654769639

:34 3 0.001
0.573402176011106

:35 3 0.001
0.5729600235184646

:36 3 0.001
0.5647222174354222

:37 3 0.001
0.5538377127076476

:38 3 0.001
0.545649732113526

:39 3 0.001
0.5447475003778228

:40 3 0.001
0.5413446135356079

:41 3 0.001
0.538368803532548

:42 3 0.001
0.5372623998036451

:43 3 0.001
0.5118184394003923

:44 3 0.001
0.515155473309783

:45 3 0.001
0.5061512065960151

:46 3 0.001
0.49826648110381183

:47 3 0.001
0.48906602905157065

:48 3 0.001
0.49162177394104084

:49 3 0.001
0.48001669706015654

:50 3 0.001
0.4805908664610234

:2 3 0.0001
1.9999961560397308

:3 3 0.0001
1.7320313596537933

:4 3 0.0001
1.632753737192614

:5 3 0.0001
1.4124029643370353

:6 3 0.0001
1.4139994174133774

:7 3 0.0001
1.2062573400845797

:8 3 0.0001
1.1733834742631892

:9 3 0.0001
1.124373420963978

:10 3 0.0001
1.0706363894449902

:11 3 0.0001
0.9837733216222665

:12 3 0.0001
1.0513013355613274

:13 3 0.0001
0.9010813117499407

:14 3 0.0001
0.889482328930439

:15 3 0.0001
0.8414184352949331

:16 3 0.0001
0.8483072542940963

:17 3 0.0001
0.843951463527604

:18 3 0.0001
0.8063296962882828

:19 3 0.0001
0.759725732382285

:20 3 0.0001
0.7851084752160395

:21 3 0.0001
0.7486053029515708

:22 3 0.0001
0.738811277305022

:23 3 0.0001
0.6903480254405033

:24 3 0.0001
0.7208988255693948

:25 3 0.0001
0.679052680247996

:26 3 0.0001
0.6705009046346038

:27 3 0.0001
0.6710954513068881

:28 3 0.0001
0.6506293412516987

:29 3 0.0001
0.6257195546807847

:30 3 0.0001
0.6339689072102163

:31 3 0.0001
0.6143559988931911

:32 3 0.0001
0.6084659822249464

:33 3 0.0001
0.5840547570607801

:34 3 0.0001
0.5810060914646603

:35 3 0.0001
0.5578909874027304

:36 3 0.0001
0.5740772351447417

:37 3 0.0001
0.5555499498765868

:38 3 0.0001
0.5525095747031511

:39 3 0.0001
0.5500074303332442

:40 3 0.0001
0.5271669595159985

:41 3 0.0001
0.5360443731069195

:42 3 0.0001
0.5384724682667691

:43 3 0.0001
0.5306251364180998

:44 3 0.0001
0.5171121119208412

:45 3 0.0001
0.4998806994794049

:46 3 0.0001
0.49922613688058964

:47 3 0.0001
0.49513616752361994

:48 3 0.0001
0.4779369680033689

:49 3 0.0001
0.4840393578090225

:50 3 0.0001
0.4830492895395784

:2 2 0.1
1.9990778783600398

:3 2 0.1
1.7060494980888208

:4 2 0.1
1.561493585612365

:5 2 0.1
1.3864224845760902

:6 2 0.1
1.293074858712376

:7 2 0.1
1.1784628312223473

:8 2 0.1
1.1054387635899132

:9 2 0.1
1.0779423656091514

:10 2 0.1
1.0005904616395336

:11 2 0.1
0.9382203243698615

:12 2 0.1
0.9555709984455977

:13 2 0.1
0.8800075055983004

:14 2 0.1
0.8418453266766105

:15 2 0.1
0.8178404376292702

:16 2 0.1
0.8105609780693118

:17 2 0.1
0.7804310465025809

:18 2 0.1
0.7655941853780147

:19 2 0.1
0.7344410647526957

:20 2 0.1
0.736270695580429

:21 2 0.1
0.7151966667765102

:22 2 0.1
0.6940688829266723

:23 2 0.1
0.6766863491453042

:24 2 0.1
0.666563499965862

:25 2 0.1
0.6399900129616457

:26 2 0.1
0.612563512536475

:27 2 0.1
0.6270731091764213

:28 2 0.1
0.6002487646632084

:29 2 0.1
0.5817470945487161

:30 2 0.1
0.577640336696014

:31 2 0.1
0.560830469201309

:32 2 0.1
0.5533891526741567

:33 2 0.1
0.5295296974824444

:34 2 0.1
0.5207849828383853

:35 2 0.1
0.5161752044843921

:36 2 0.1
0.49658356612632687

:37 2 0.1
0.5063510287305185

:38 2 0.1
0.4779308349625963

:39 2 0.1
0.4866992217591706

:40 2 0.1
0.47180520503082835

:41 2 0.1
0.46186563504589856

:42 2 0.1
0.4614937631833617

:43 2 0.1
0.4662266106778286

:44 2 0.1
0.44419092376772623

:45 2 0.1
0.4291556329987158

:46 2 0.1
0.4343022514686639

:47 2 0.1
0.41457451168721066

:48 2 0.1
0.4222580820173398

:49 2 0.1
0.41208501003272624

:50 2 0.1
0.4163873070000661

:2 2 0.01
1.9998767531925168

:3 2 0.01
1.730972246211321

:4 2 0.01
1.6239239842285873

:5 2 0.01
1.391479109666627

:6 2 0.01
1.3960731293185578

:7 2 0.01
1.1992327385107922

:8 2 0.01
1.1611193874129468

:9 2 0.01
1.127999714606119

:10 2 0.01
1.0631945005627197

:11 2 0.01
0.9884969558241635

:12 2 0.01
1.042137238479503

:13 2 0.01
0.9057036707181231

:14 2 0.01
0.8735373933976125

:15 2 0.01
0.8408393812467884

:16 2 0.01
0.847708620682455

:17 2 0.01
0.837810643613056

:18 2 0.01
0.801815259595382

:19 2 0.01
0.7707476469499576

:20 2 0.01
0.7633545923384233

:21 2 0.01
0.7495341127123311

:22 2 0.01
0.7382573827810743

:23 2 0.01
0.7058609106163086

:24 2 0.01
0.713399777554132

:25 2 0.01
0.6834043392546282

:26 2 0.01
0.6720548411997552

:27 2 0.01
0.6798614876221546

:28 2 0.01
0.6455558966012303

:29 2 0.01
0.6236875520508027

:30 2 0.01
0.6296195812409846

:31 2 0.01
0.61336337040186

:32 2 0.01
0.6226197927432346

:33 2 0.01
0.5786307359515858

:34 2 0.01
0.5739299455789745

:35 2 0.01
0.570749744002513

:36 2 0.01
0.5685413203921339

:37 2 0.01
0.5543393904164483

:38 2 0.01
0.5445980584840556

:39 2 0.01
0.5347242721291438

:40 2 0.01
0.5248539386516397

:41 2 0.01
0.5251677090781458

:42 2 0.01
0.5342149117074088

:43 2 0.01
0.5216383121600703

:44 2 0.01
0.5065766824885797

:45 2 0.01
0.4942974362505878

:46 2 0.01
0.4988446710666577

:47 2 0.01
0.4856075574706098

:48 2 0.01
0.48267646977626333

:49 2 0.01
0.48172493338773054

:50 2 0.01
0.48176961789177536

:2 2 0.001
1.9999865237005794

:3 2 0.001
1.7314730086539214

:4 2 0.001
1.6314503069104045

:5 2 0.001
1.4102830540568176

:6 2 0.001
1.4125595429040043

:7 2 0.001
1.1899087626930365

:8 2 0.001
1.1757199967066747

:9 2 0.001
1.1329690612551861

:10 2 0.001
1.0587511271296692

:11 2 0.001
0.9839142008374812

:12 2 0.001
1.0503000952246293

:13 2 0.001
0.8991043982542785

:14 2 0.001
0.8891228408702619

:15 2 0.001
0.8383419172957866

:16 2 0.001
0.8365636618392888

:17 2 0.001
0.8360202309024146

:18 2 0.001
0.8022682715367432

:19 2 0.001
0.7723709947391139

:20 2 0.001
0.787734298025374

:21 2 0.001
0.7501706955300887

:22 2 0.001
0.7395125016755547

:23 2 0.001
0.7064684492418817

:24 2 0.001
0.7089291605680718

:25 2 0.001
0.6823166833721857

:26 2 0.001
0.6706618439269728

:27 2 0.001
0.6828649654375408

:28 2 0.001
0.6484039878834227

:29 2 0.001
0.6225227449577759

:30 2 0.001
0.6329195178979363

:31 2 0.001
0.6243780763994534

:32 2 0.001
0.6195678523039484

:33 2 0.001
0.5885495859088334

:34 2 0.001
0.5802679446871465

:35 2 0.001
0.5714401073409293

:36 2 0.001
0.5602903375310813

:37 2 0.001
0.5557874137589905

:38 2 0.001
0.5582009586342215

:39 2 0.001
0.545695364295113

:40 2 0.001
0.5407278074063114

:41 2 0.001
0.5329946216741686

:42 2 0.001
0.5292922075341103

:43 2 0.001
0.5078351800507733

:44 2 0.001
0.5282537996672066

:45 2 0.001
0.5132320270811614

:46 2 0.001
0.4987108965904003

:47 2 0.001
0.5000234162815379

:48 2 0.001
0.4895002310832888

:49 2 0.001
0.483914462663333

:50 2 0.001
0.4778212858643669

:2 2 0.0001
1.99999976949347

:3 2 0.0001
1.7320375755639

:4 2 0.0001
1.6327488222236834

:5 2 0.0001
1.413906167052449

:6 2 0.0001
1.4139203880125522

:7 2 0.0001
1.194437828616181

:8 2 0.0001
1.1580261481580398

:9 2 0.0001
1.134020204380738

:10 2 0.0001
1.0690507466589387

:11 2 0.0001
0.9861177425435174

:12 2 0.0001
1.051210821909624

:13 2 0.0001
0.8877282958195104

:14 2 0.0001
0.8930195858927242

:15 2 0.0001
0.8440434008441419

:16 2 0.0001
0.8341045855931365

:17 2 0.0001
0.8301549244344596

:18 2 0.0001
0.8048568831929992

:19 2 0.0001
0.7680365205984482

:20 2 0.0001
0.7742094401169289

:21 2 0.0001
0.748484465085328

:22 2 0.0001
0.7283467148628625

:23 2 0.0001
0.7028576096026916

:24 2 0.0001
0.7129611251185968

:25 2 0.0001
0.6839689064575789

:26 2 0.0001
0.6690889048345069

:27 2 0.0001
0.6810623608191304

:28 2 0.0001
0.6483337419360075

:29 2 0.0001
0.6199724524023208

:30 2 0.0001
0.6337070153703602

:31 2 0.0001
0.6166182813716029

:32 2 0.0001
0.6404809858420213

:33 2 0.0001
0.5860592041495669

:34 2 0.0001
0.5895809929392477

:35 2 0.0001
0.5716334912471149

:36 2 0.0001
0.5691989729544411

:37 2 0.0001
0.5572148539449876

:38 2 0.0001
0.5563916992564794

:39 2 0.0001
0.5498424639289646

:40 2 0.0001
0.536578082183332

:41 2 0.0001
0.5388683588558385

:42 2 0.0001
0.5300970472232652

:43 2 0.0001
0.5334480569373511

:44 2 0.0001
0.5033361648930401

:45 2 0.0001
0.5013282965549793

:46 2 0.0001
0.4933324785274058

:47 2 0.0001
0.4901774590566712

:48 2 0.0001
0.4940781192234134

:49 2 0.0001
0.47889802751041594

:50 2 0.0001
0.47277580725087764

:2 1 0.1
1.9995677501003792

:3 1 0.1
1.7201025959344334

:4 1 0.1
1.5745036627876947

:5 1 0.1
1.3801764195012922

:6 1 0.1
1.3565284695275652

:7 1 0.1
1.1974868811734014

:8 1 0.1
1.0879878459290662

:9 1 0.1
1.0541982569754833

:10 1 0.1
1.03374830479961

:11 1 0.1
0.9415143094830737

:12 1 0.1
0.9633015200951068

:13 1 0.1
0.8903426540978842

:14 1 0.1
0.8568617367882544

:15 1 0.1
0.835771324473451

:16 1 0.1
0.8051608741034272

:17 1 0.1
0.7861317756640575

:18 1 0.1
0.7700795139107428

:19 1 0.1
0.7491763670082062

:20 1 0.1
0.7360062324206695

:21 1 0.1
0.7025831550985772

:22 1 0.1
0.697360549736738

:23 1 0.1
0.6720898633576192

:24 1 0.1
0.656591616162388

:25 1 0.1
0.6378541449744778

:26 1 0.1
0.6283154997168533

:27 1 0.1
0.6302138740780064

:28 1 0.1
0.5991738773727399

:29 1 0.1
0.5780888427214749

:30 1 0.1
0.572564881773133

:31 1 0.1
0.560524385838471

:32 1 0.1
0.5601388945815324

:33 1 0.1
0.534987991812909

:34 1 0.1
0.5366137849761285

:35 1 0.1
0.5196466662270256

:36 1 0.1
0.5187754304111031

:37 1 0.1
0.513764625844177

:38 1 0.1
0.49640902510513624

:39 1 0.1
0.5065754427785588

:40 1 0.1
0.48388566015523926

:41 1 0.1
0.4764303606368492

:42 1 0.1
0.4821123789259549

:43 1 0.1
0.47721848403894707

:44 1 0.1
0.47752812548513807

:45 1 0.1
0.46207924646561227

:46 1 0.1
0.4489678340056149

:47 1 0.1
0.45411724564201233

:48 1 0.1
0.4474401609281638

:49 1 0.1
0.4428904630316028

:50 1 0.1
0.42358051964348803

:2 1 0.01
1.9999986137844983

:3 1 0.01
1.7291534319546134

:4 1 0.01
1.6232773355032692

:5 1 0.01
1.3857092395232289

:6 1 0.01
1.398532836133297

:7 1 0.01
1.1969652633611403

:8 1 0.01
1.1627349841430055

:9 1 0.01
1.1252649765846714

:10 1 0.01
1.0674159499577658

:11 1 0.01
0.9824133231919081

:12 1 0.01
1.0406464315211366

:13 1 0.01
0.9152183750871149

:14 1 0.01
0.8890086482960884

:15 1 0.01
0.8471372710397271

:16 1 0.01
0.8392969324434661

:17 1 0.01
0.8411356015907515

:18 1 0.01
0.8025335783271155

:19 1 0.01
0.768068345035

:20 1 0.01
0.781243370583303

:21 1 0.01
0.7507695933565303

:22 1 0.01
0.737085158776226

:23 1 0.01
0.7070718396039021

:24 1 0.01
0.7039746732802427

:25 1 0.01
0.6845114197250783

:26 1 0.01
0.6675951581224532

:27 1 0.01
0.6782560041198972

:28 1 0.01
0.6449109369800241

:29 1 0.01
0.6271782789227659

:30 1 0.01
0.6326719278229315

:31 1 0.01
0.6143600010586555

:32 1 0.01
0.6165803222254259

:33 1 0.01
0.5911164125468912

:34 1 0.01
0.5729226259154813

:35 1 0.01
0.5765537854476828

:36 1 0.01
0.5727806400635694

:37 1 0.01
0.5546626789078349

:38 1 0.01
0.5536097080592398

:39 1 0.01
0.5440062454097485

:40 1 0.01
0.5400835204726729

:41 1 0.01
0.5319605533759099

:42 1 0.01
0.5235990720580792

:43 1 0.01
0.5107427693750186

:44 1 0.01
0.5122100506108637

:45 1 0.01
0.5015729493530997

:46 1 0.01
0.5035452751651596

:47 1 0.01
0.48297319842388114

:48 1 0.01
0.47942258785053643

:49 1 0.01
0.48141207799611946

:50 1 0.01
0.48031427314244857

:2 1 0.001
1.999997881835591

:3 1 0.001
1.7315315174766923

:4 1 0.001
1.631961934369231

:5 1 0.001
1.413247670690016

:6 1 0.001
1.4123152607017866

:7 1 0.001
1.1855576836989987

:8 1 0.001
1.176804637555265

:9 1 0.001
1.1309896901227365

:10 1 0.001
1.0570562049057823

:11 1 0.001
0.9854075065207798

:12 1 0.001
1.0499895779953892

:13 1 0.001
0.8993998230695722

:14 1 0.001
0.8907003459425341

:15 1 0.001
0.8389387236152933

:16 1 0.001
0.8480710175654408

:17 1 0.001
0.8317262505254713

:18 1 0.001
0.80521885091721

:19 1 0.001
0.7706530181351435

:20 1 0.001
0.78532739100276

:21 1 0.001
0.7511066812330066

:22 1 0.001
0.7397399913556031

:23 1 0.001
0.7028809433947479

:24 1 0.001
0.7105126787188487

:25 1 0.001
0.6842008767753667

:26 1 0.001
0.6696086397476818

:27 1 0.001
0.677839321304872

:28 1 0.001
0.6488697454560647

:29 1 0.001
0.6232892174479402

:30 1 0.001
0.633642225547102

:31 1 0.001
0.6105259242071782

:32 1 0.001
0.6326747808188625

:33 1 0.001
0.5791109695186037

:34 1 0.001
0.5849952022338709

:35 1 0.001
0.5657796557303026

:36 1 0.001
0.5592130942457573

:37 1 0.001
0.5573181696869545

:38 1 0.001
0.5606932304560301

:39 1 0.001
0.5475535862703046

:40 1 0.001
0.5337780034405671

:41 1 0.001
0.5286852850148723

:42 1 0.001
0.5243979449030239

:43 1 0.001
0.5091754779125357

:44 1 0.001
0.5289963803682262

:45 1 0.001
0.5204090269541971

:46 1 0.001
0.5040639724392783

:47 1 0.001
0.490943161867666

:48 1 0.001
0.49614137587642043

:49 1 0.001
0.4812288776388884

:50 1 0.001
0.47994665689595634

:2 1 0.0001
1.999999815186503

:3 1 0.0001
1.7319847657347474

:4 1 0.0001
1.6328345946259688

:5 1 0.0001
1.4139894004375029

:6 1 0.0001
1.4137811153170947

:7 1 0.0001
1.1796574089888612

:8 1 0.0001
1.1558808525618962

:9 1 0.0001
1.1309026489505725

:10 1 0.0001
1.0604634848444274

:11 1 0.0001
0.9851616092909685

:12 1 0.0001
1.0512841209278905

:13 1 0.0001
0.9158666208093688

:14 1 0.0001
0.8927117144970622

:15 1 0.0001
0.8394729487213847

:16 1 0.0001
0.8319845022051003

:17 1 0.0001
0.8444545747478274

:18 1 0.0001
0.8067157004272723

:19 1 0.0001
0.7672178679604232

:20 1 0.0001
0.7856553162421621

:21 1 0.0001
0.7467749966153665

:22 1 0.0001
0.7397345646432524

:23 1 0.0001
0.7005416013057272

:24 1 0.0001
0.7203956738630194

:25 1 0.0001
0.6821113038403651

:26 1 0.0001
0.6703021804563423

:27 1 0.0001
0.6706521341371633

:28 1 0.0001
0.6483560493527548

:29 1 0.0001
0.626690013801957

:30 1 0.0001
0.6313024859022925

:31 1 0.0001
0.6158724021075767

:32 1 0.0001
0.6319588967838294

:33 1 0.0001
0.5827271157362189

:34 1 0.0001
0.5777567717549839

:35 1 0.0001
0.5771014193564459

:36 1 0.0001
0.5782508767763589

:37 1 0.0001
0.5531517701139467

:38 1 0.0001
0.556204200863303

:39 1 0.0001
0.5370546016059782

:40 1 0.0001
0.5450036148054619

:41 1 0.0001
0.5304861232358279

:42 1 0.0001
0.5401879738525533

:43 1 0.0001
0.53246843813941

:44 1 0.0001
0.5324818278550205

:45 1 0.0001
0.5117323729907021

:46 1 0.0001
0.49548076632001076

:47 1 0.0001
0.4965050624873837

:48 1 0.0001
0.47969246200491833

:49 1 0.0001
0.48779235138722526

:50 1 0.0001
0.4794449635520515

