:2 5 0.1
1.999844265235197

:3 5 0.1
1.720376834303962

:4 5 0.1
1.559760863270632

:5 5 0.1
1.3252288514135049

:6 5 0.1
1.3094115319326431

:7 5 0.1
1.156163608120061

:8 5 0.1
1.1145878008697514

:9 5 0.1
1.0456252577008642

:10 5 0.1
0.99183564976064

:11 5 0.1
0.9420409752217451

:12 5 0.1
0.9585504605386697

:13 5 0.1
0.8752361070474696

:14 5 0.1
0.8489532216346514

:15 5 0.1
0.8192374854600425

:16 5 0.1
0.794568604019848

:17 5 0.1
0.775863611304025

:18 5 0.1
0.7693581172563038

:19 5 0.1
0.7254682220810253

:20 5 0.1
0.7222248892440676

:21 5 0.1
0.7166685559070053

:22 5 0.1
0.693159566558693

:23 5 0.1
0.6519103129328043

:24 5 0.1
0.6542338248207268

:25 5 0.1
0.6361419463207574

:26 5 0.1
0.621900121176654

:27 5 0.1
0.6178369631697928

:28 5 0.1
0.596232569846172

:29 5 0.1
0.5695876638526708

:30 5 0.1
0.5452536626119785

:31 5 0.1
0.5349644118774125

:32 5 0.1
0.5260858396598164

:33 5 0.1
0.5159089968526648

:34 5 0.1
0.47913491886482545

:35 5 0.1
0.49408437871000976

:36 5 0.1
0.494527486946978

:37 5 0.1
0.47082299920626075

:38 5 0.1
0.46316871827479394

:39 5 0.1
0.4426102614621214

:40 5 0.1
0.4440327394125046

:41 5 0.1
0.4374897692761495

:42 5 0.1
0.4411779632832819

:43 5 0.1
0.4340296935225874

:44 5 0.1
0.41634386150555985

:45 5 0.1
0.4410400053951353

:46 5 0.1
0.4010258956786272

:47 5 0.1
0.3773861713981008

:48 5 0.1
0.40423658301759896

:49 5 0.1
0.40315632041700683

:50 5 0.1
0.393541478650957

:2 5 0.01
1.9999963656314954

:3 5 0.01
1.7310983667894606

:4 5 0.01
1.6148310880293184

:5 5 0.01
1.387296537436688

:6 5 0.01
1.3984293651106021

:7 5 0.01
1.1982643530382113

:8 5 0.01
1.1689973300646048

:9 5 0.01
1.1219817655032818

:10 5 0.01
1.0602783082472595

:11 5 0.01
0.9864885630204673

:12 5 0.01
1.0394709298679903

:13 5 0.01
0.8947376748754617

:14 5 0.01
0.8868975728461556

:15 5 0.01
0.8498391173583134

:16 5 0.01
0.8455884618194429

:17 5 0.01
0.8398593122797583

:18 5 0.01
0.8025802396196741

:19 5 0.01
0.7655495195870948

:20 5 0.01
0.7805814440268913

:21 5 0.01
0.7503676788793636

:22 5 0.01
0.7379978584847686

:23 5 0.01
0.7072623677784494

:24 5 0.01
0.7121423640181276

:25 5 0.01
0.6842911209478587

:26 5 0.01
0.6711936692537409

:27 5 0.01
0.6734259153963182

:28 5 0.01
0.6474343563983846

:29 5 0.01
0.6256471309509458

:30 5 0.01
0.6302182344354429

:31 5 0.01
0.6156199097401028

:32 5 0.01
0.6080656151510188

:33 5 0.01
0.5835910453588723

:34 5 0.01
0.5694056311762898

:35 5 0.01
0.5722760134774576

:36 5 0.01
0.5662758851317923

:37 5 0.01
0.5549384847553094

:38 5 0.01
0.5467169424372785

:39 5 0.01
0.5356217720236451

:40 5 0.01
0.5282807091023788

:41 5 0.01
0.5281316039399159

:42 5 0.01
0.5176666229578417

:43 5 0.01
0.5141922663278687

:44 5 0.01
0.5096778960848776

:45 5 0.01
0.4966996616949029

:46 5 0.01
0.49616465454901554

:47 5 0.01
0.49100348311231645

:48 5 0.01
0.4787541657904537

:49 5 0.01
0.4823776995518261

:50 5 0.01
0.47567959737707843

:2 5 0.001
1.9999990299013444

:3 5 0.001
1.7314313453969306

:4 5 0.001
1.6313516437849802

:5 5 0.001
1.4038316270315054

:6 5 0.001
1.4128984938373368

:7 5 0.001
1.1978621833164804

:8 5 0.001
1.16201967269922

:9 5 0.001
1.1237108542311123

:10 5 0.001
1.058058248275083

:11 5 0.001
0.9866944620361876

:12 5 0.001
1.0495734068430982

:13 5 0.001
0.8904010614816597

:14 5 0.001
0.8867599865482516

:15 5 0.001
0.8529397083282454

:16 5 0.001
0.8464677697692076

:17 5 0.001
0.8316126831670192

:18 5 0.001
0.8010521732157297

:19 5 0.001
0.7701112258191808

:20 5 0.001
0.7826630941623501

:21 5 0.001
0.7452772450381419

:22 5 0.001
0.7413466527644834

:23 5 0.001
0.7047653638841623

:24 5 0.001
0.7176282810293381

:25 5 0.001
0.6708706733961765

:26 5 0.001
0.6652342328682194

:27 5 0.001
0.6734169550790038

:28 5 0.001
0.6493617585709578

:29 5 0.001
0.6258647824383031

:30 5 0.001
0.6324491680748697

:31 5 0.001
0.6250072157698358

:32 5 0.001
0.6386216277839424

:33 5 0.001
0.5847400960484247

:34 5 0.001
0.5776617944134694

:35 5 0.001
0.5575248624491492

:36 5 0.001
0.5564550833692495

:37 5 0.001
0.5554369425937502

:38 5 0.001
0.5461816391564426

:39 5 0.001
0.5469460475910882

:40 5 0.001
0.5443743985145142

:41 5 0.001
0.5327081186482884

:42 5 0.001
0.5222656585923865

:43 5 0.001
0.5149163150254614

:44 5 0.001
0.5093679941600975

:45 5 0.001
0.5160763473030627

:46 5 0.001
0.48783664318970854

:47 5 0.001
0.4798596392583326

:48 5 0.001
0.4925051942063876

:49 5 0.001
0.48075004911655866

:50 5 0.001
0.4839777186616789

:2 5 0.0001
1.9999994248938562

:3 5 0.0001
1.7319040633161584

:4 5 0.0001
1.632797364155394

:5 5 0.0001
1.412929349865591

:6 5 0.0001
1.413853351224876

:7 5 0.0001
1.1898310464332387

:8 5 0.0001
1.170582141822022

:9 5 0.0001
1.1304921891193482

:10 5 0.0001
1.0595589763654558

:11 5 0.0001
0.9878599623282008

:12 5 0.0001
1.0513697361337513

:13 5 0.0001
0.9226855188117556

:14 5 0.0001
0.8927725760106023

:15 5 0.0001
0.8470981022052939

:16 5 0.0001
0.8309857829071534

:17 5 0.0001
0.8300148475553818

:18 5 0.0001
0.8012849126189491

:19 5 0.0001
0.7726711516674083

:20 5 0.0001
0.7836298650595775

:21 5 0.0001
0.745154851063012

:22 5 0.0001
0.7415199208857314

:23 5 0.0001
0.6896100464982194

:24 5 0.0001
0.7177141690039845

:25 5 0.0001
0.6796150710057219

:26 5 0.0001
0.6698386264908481

:27 5 0.0001
0.6822206970991941

:28 5 0.0001
0.6504880281798479

:29 5 0.0001
0.6242623673122433

:30 5 0.0001
0.6321392242893261

:31 5 0.0001
0.6147449058165405

:32 5 0.0001
0.6396096373466996

:33 5 0.0001
0.5760893275383657

:34 5 0.0001
0.5705751305921699

:35 5 0.0001
0.5753247247681631

:36 5 0.0001
0.5756397677093263

:37 5 0.0001
0.5531596404784881

:38 5 0.0001
0.5522755851776808

:39 5 0.0001
0.5500503450755676

:40 5 0.0001
0.5346226977320109

:41 5 0.0001
0.533192244917932

:42 5 0.0001
0.5339677644275093

:43 5 0.0001
0.5169456145198141

:44 5 0.0001
0.529108368135564

:45 5 0.0001
0.5205805530993771

:46 5 0.0001
0.5040432724804528

:47 5 0.0001
0.491077188435004

:48 5 0.0001
0.48147106507331516

:49 5 0.0001
0.4813688028863379

:50 5 0.0001
0.47888384881096263

:2 3 0.1
1.9995151157306184

:3 3 0.1
1.7237769428294547

:4 3 0.1
1.582835872976676

:5 3 0.1
1.366473497650043

:6 3 0.1
1.3274174525554485

:7 3 0.1
1.1340245105252607

:8 3 0.1
1.0944900557474309

:9 3 0.1
1.0609367694850587

:10 3 0.1
0.9864045023032976

:11 3 0.1
0.9531809046069596

:12 3 0.1
0.9412641393773691

:13 3 0.1
0.8779284378586857

:14 3 0.1
0.838809281465622

:15 3 0.1
0.8136195331394515

:16 3 0.1
0.7983454945181007

:17 3 0.1
0.766407488914333

:18 3 0.1
0.7571910789059295

:19 3 0.1
0.7246963682619693

:20 3 0.1
0.728862604396436

:21 3 0.1
0.6929337487349629

:22 3 0.1
0.6919550472597039

:23 3 0.1
0.6691990268503295

:24 3 0.1
0.6620042787571799

:25 3 0.1
0.6299511519036095

:26 3 0.1
0.6341290951627345

:27 3 0.1
0.6143968165694077

:28 3 0.1
0.5983867689203916

:29 3 0.1
0.5584085701932836

:30 3 0.1
0.547727619673937

:31 3 0.1
0.5378969669703063

:32 3 0.1
0.5318249959786456

:33 3 0.1
0.5318419334206261

:34 3 0.1
0.5232406982770533

:35 3 0.1
0.5168112075175518

:36 3 0.1
0.49969797242535546

:37 3 0.1
0.48236429245706575

:38 3 0.1
0.4849146996801929

:39 3 0.1
0.4840069367098762

:40 3 0.1
0.4655262042792329

:41 3 0.1
0.4553825765280907

:42 3 0.1
0.45604075600545024

:43 3 0.1
0.44305626856877245

:44 3 0.1
0.4277308931352611

:45 3 0.1
0.4325569559956192

:46 3 0.1
0.422918536972023

:47 3 0.1
0.4280754950420687

:48 3 0.1
0.42059364524877624

:49 3 0.1
0.4212137120071784

:50 3 0.1
0.40624341619046694

:2 3 0.01
1.9998568683500315

:3 3 0.01
1.7275483215668246

:4 3 0.01
1.6242333895561973

:5 3 0.01
1.3883790564684182

:6 3 0.01
1.3955753331436371

:7 3 0.01
1.1972565145725167

:8 3 0.01
1.1725002289743174

:9 3 0.01
1.1290892608480243

:10 3 0.01
1.0534071685498922

:11 3 0.01
0.9829989860704914

:12 3 0.01
1.038804810954757

:13 3 0.01
0.9008111599362937

:14 3 0.01
0.8871779157815296

:15 3 0.01
0.8583950702801303

:16 3 0.01
0.8440750528891133

:17 3 0.01
0.8320649633470144

:18 3 0.01
0.8004833746586667

:19 3 0.01
0.7695243478922676

:20 3 0.01
0.7801672021264815

:21 3 0.01
0.7496253783762916

:22 3 0.01
0.7317424977324126

:23 3 0.01
0.7063969529262525

:24 3 0.01
0.714337605620467

:25 3 0.01
0.6747776441449277

:26 3 0.01
0.6715303759706158

:27 3 0.01
0.6702180692223133

:28 3 0.01
0.6476740776356477

:29 3 0.01
0.6262085470682287

:30 3 0.01
0.6236578130336233

:31 3 0.01
0.6196446327432056

:32 3 0.01
0.623515431566335

:33 3 0.01
0.5750748077696209

:34 3 0.01
0.5733758859324524

:35 3 0.01
0.570011243862102

:36 3 0.01
0.5652503096250591

:37 3 0.01
0.5516781516855971

:38 3 0.01
0.5571931811117324

:39 3 0.01
0.5436948062166332

:40 3 0.01
0.5335204495077551

:41 3 0.01
0.5362464527912667

:42 3 0.01
0.518555320455334

:43 3 0.01
0.507983949647231

:44 3 0.01
0.4999954810893507

:45 3 0.01
0.5060070950604625

:46 3 0.01
0.49642297383157413

:47 3 0.01
0.4908113136321304

:48 3 0.01
0.4828847770327375

:49 3 0.01
0.481489078142266

:50 3 0.01
0.46389407677438427

:2 3 0.001
1.999965901411411

:3 3 0.001
1.7318316833515148

:4 3 0.001
1.631626401468888

:5 3 0.001
1.3968898601985116

:6 3 0.001
1.4124249775699982

:7 3 0.001
1.1992673883221197

:8 3 0.001
1.1715094524428997

:9 3 0.001
1.1319748237503333

:10 3 0.001
1.0587002652928323

:11 3 0.001
0.9869461545245583

:12 3 0.001
1.050157726974593

:13 3 0.001
0.8947624688214306

:14 3 0.001
0.8755547905140079

:15 3 0.001
0.8373939825232796

:16 3 0.001
0.8479190932730423

:17 3 0.001
0.8122122865983417

:18 3 0.001
0.8040764212682935

:19 3 0.001
0.771028602033185

:20 3 0.001
0.7609075390423202

:21 3 0.001
0.7481997281434675

:22 3 0.001
0.7411209545338958

:23 3 0.001
0.7021436778262983

:24 3 0.001
0.7168311419656138

:25 3 0.001
0.6740636899818687

:26 3 0.001
0.6702685879042249

:27 3 0.001
0.6740758697689051

:28 3 0.001
0.6489338511055615

:29 3 0.001
0.6227381691627506

:30 3 0.001
0.6307958018941872

:31 3 0.001
0.6224221593581328

:32 3 0.001
0.6349001409636987

:33 3 0.001
0.5867638778552161

:34 3 0.001
0.5831630644146517

:35 3 0.001
0.5708183665888539

:36 3 0.001
0.5524356795814078

:37 3 0.001
0.5558202261664935

:38 3 0.001
0.5533453542797465

:39 3 0.001
0.5363710155934566

:40 3 0.001
0.5390669479146573

:41 3 0.001
0.5382942076854688

:42 3 0.001
0.5311519814814023

:43 3 0.001
0.5309492330865303

:44 3 0.001
0.5130328000250013

:45 3 0.001
0.5040938849491764

:46 3 0.001
0.49966126822610574

:47 3 0.001
0.49625998363660573

:48 3 0.001
0.48405038260756

:49 3 0.001
0.48258463264961543

:50 3 0.001
0.4757979053759525

:2 3 0.0001
1.9999970346246119

:3 3 0.0001
1.731848277085277

:4 3 0.0001
1.6326838956578786

:5 3 0.0001
1.412425457344952

:6 3 0.0001
1.4138503578069752

:7 3 0.0001
1.1992662558377756

:8 3 0.0001
1.1686706373116311

:9 3 0.0001
1.12678338002796

:10 3 0.0001
1.0604961440961287

:11 3 0.0001
0.9869822465282169

:12 3 0.0001
1.051330450619508

:13 3 0.0001
0.9000952977521207

:14 3 0.0001
0.8873450526992753

:15 3 0.0001
0.8428312815206631

:16 3 0.0001
0.8335270535465665

:17 3 0.0001
0.8438197303304125

:18 3 0.0001
0.7984766940259124

:19 3 0.0001
0.763824665736509

:20 3 0.0001
0.7846293818611364

:21 3 0.0001
0.7493139919123336

:22 3 0.0001
0.7371336526584567

:23 3 0.0001
0.6960405486558754

:24 3 0.0001
0.7190938946354901

:25 3 0.0001
0.6788749222728429

:26 3 0.0001
0.6702766039515047

:27 3 0.0001
0.6791584019709803

:28 3 0.0001
0.6495962761075496

:29 3 0.0001
0.6243806622003896

:30 3 0.0001
0.6312667344276743

:31 3 0.0001
0.6142700507525961

:32 3 0.0001
0.6055524020367825

:33 3 0.0001
0.5864765353292695

:34 3 0.0001
0.5828772566591566

:35 3 0.0001
0.5687421720559226

:36 3 0.0001
0.5654402349452085

:37 3 0.0001
0.561938582589688

:38 3 0.0001
0.5619223243220747

:39 3 0.0001
0.5507803046885891

:40 3 0.0001
0.5480110648649361

:41 3 0.0001
0.5403014525196522

:42 3 0.0001
0.527406460484766

:43 3 0.0001
0.5297497665308125

:44 3 0.0001
0.5032216343073387

:45 3 0.0001
0.5093400533099919

:46 3 0.0001
0.49453100718764603

:47 3 0.0001
0.4915562155125845

:48 3 0.0001
0.5083711409870629

:49 3 0.0001
0.4837931553235036

:50 3 0.0001
0.4934900766961429

:2 2 0.1
1.9995556131804886

:3 2 0.1
1.7100620091663643

:4 2 0.1
1.5346460714437395

:5 2 0.1
1.3659419585628567

:6 2 0.1
1.2795303730185292

:7 2 0.1
1.158795918271468

:8 2 0.1
1.1125579827055876

:9 2 0.1
1.0557569637573672

:10 2 0.1
0.978874944451443

:11 2 0.1
0.9392124211421033

:12 2 0.1
0.9598241446455607

:13 2 0.1
0.8862543620670654

:14 2 0.1
0.839567842565069

:15 2 0.1
0.8208674916384394

:16 2 0.1
0.8018740184765075

:17 2 0.1
0.7661362638609136

:18 2 0.1
0.7510063126015342

:19 2 0.1
0.7393472298052431

:20 2 0.1
0.7281183089070661

:21 2 0.1
0.7105207265306982

:22 2 0.1
0.6977610979752521

:23 2 0.1
0.6571911974199798

:24 2 0.1
0.6559126536659629

:25 2 0.1
0.6354196586374046

:26 2 0.1
0.6321610159233145

:27 2 0.1
0.6246795126927708

:28 2 0.1
0.5966410021685041

:29 2 0.1
0.5760070666605839

:30 2 0.1
0.561388980730971

:31 2 0.1
0.5602135958682858

:32 2 0.1
0.5442959085857334

:33 2 0.1
0.5369299645731277

:34 2 0.1
0.5333376477081438

:35 2 0.1
0.5083257394117021

:36 2 0.1
0.5004564209560179

:37 2 0.1
0.50534785788098

:38 2 0.1
0.4858883438122045

:39 2 0.1
0.4787692498215659

:40 2 0.1
0.4784133972748151

:41 2 0.1
0.45602426612063224

:42 2 0.1
0.45364553385262246

:43 2 0.1
0.45384713015254996

:44 2 0.1
0.4510343882412812

:45 2 0.1
0.4454063656404484

:46 2 0.1
0.4360762636421405

:47 2 0.1
0.43803762811601704

:48 2 0.1
0.4264121426574483

:49 2 0.1
0.41299469012272233

:50 2 0.1
0.4124811462836154

:2 2 0.01
1.9998272661711425

:3 2 0.01
1.731070064581421

:4 2 0.01
1.6134622197981956

:5 2 0.01
1.408272043184809

:6 2 0.01
1.396831398087328

:7 2 0.01
1.2070854659161934

:8 2 0.01
1.1671507570422108

:9 2 0.01
1.1266844400877476

:10 2 0.01
1.0575203912321542

:11 2 0.01
0.9858578662753644

:12 2 0.01
1.0409809173096625

:13 2 0.01
0.8987527020572151

:14 2 0.01
0.8884003317102543

:15 2 0.01
0.843091781122472

:16 2 0.01
0.8329761395208526

:17 2 0.01
0.8356826823245397

:18 2 0.01
0.8004432818181813

:19 2 0.01
0.7694313012653063

:20 2 0.01
0.7873024450060419

:21 2 0.01
0.7503017532704795

:22 2 0.01
0.7383617387365079

:23 2 0.01
0.6982575470983066

:24 2 0.01
0.7139834166686424

:25 2 0.01
0.6834315222220155

:26 2 0.01
0.6681350757740315

:27 2 0.01
0.6784420978112213

:28 2 0.01
0.6463562041465502

:29 2 0.01
0.6269707454700447

:30 2 0.01
0.6350851013945769

:31 2 0.01
0.594291880192917

:32 2 0.01
0.626815376417819

:33 2 0.01
0.5844498487422564

:34 2 0.01
0.5807318437578025

:35 2 0.01
0.5695888555651017

:36 2 0.01
0.5660584621479793

:37 2 0.01
0.5535781632578987

:38 2 0.01
0.5537545067474905

:39 2 0.01
0.5474989007244818

:40 2 0.01
0.5309674127676205

:41 2 0.01
0.5159130083355495

:42 2 0.01
0.519101490279394

:43 2 0.01
0.5131841638294443

:44 2 0.01
0.5026901674154619

:45 2 0.01
0.4991167517380564

:46 2 0.01
0.5020668453066618

:47 2 0.01
0.47998330142540674

:48 2 0.01
0.4841029116425202

:49 2 0.01
0.47665025463257166

:50 2 0.01
0.47621721153894353

:2 2 0.001
1.9999634042911294

:3 2 0.001
1.731565245284874

:4 2 0.001
1.6296922834491363

:5 2 0.001
1.4102044669959266

:6 2 0.001
1.4119209898703646

:7 2 0.001
1.1907172752374093

:8 2 0.001
1.176061983849528

:9 2 0.001
1.128478338118464

:10 2 0.001
1.058108677418235

:11 2 0.001
0.9867354066774747

:12 2 0.001
1.0503054283463318

:13 2 0.001
0.8983168134794401

:14 2 0.001
0.8930034611448229

:15 2 0.001
0.8416703073536723

:16 2 0.001
0.833816940889192

:17 2 0.001
0.8319754564629859

:18 2 0.001
0.8034978107985179

:19 2 0.001
0.7668253105111208

:20 2 0.001
0.7890645721255329

:21 2 0.001
0.7481110451663097

:22 2 0.001
0.7397628509329831

:23 2 0.001
0.693308842794948

:24 2 0.001
0.7201164742422689

:25 2 0.001
0.682286972202867

:26 2 0.001
0.6692275157850903

:27 2 0.001
0.6842437388987958

:28 2 0.001
0.6493658763843384

:29 2 0.001
0.6253558517115941

:30 2 0.001
0.6304579248871185

:31 2 0.001
0.6158265012446749

:32 2 0.001
0.6361313069266733

:33 2 0.001
0.5911550872343706

:34 2 0.001
0.5812557720909978

:35 2 0.001
0.5757497984708125

:36 2 0.001
0.5722826986972729

:37 2 0.001
0.5539611122340703

:38 2 0.001
0.563320258394508

:39 2 0.001
0.5465036041441885

:40 2 0.001
0.5253995954212399

:41 2 0.001
0.5393083165190468

:42 2 0.001
0.5169763238617658

:43 2 0.001
0.5111500978173578

:44 2 0.001
0.5116087033449191

:45 2 0.001
0.5063442304863668

:46 2 0.001
0.4990480530087677

:47 2 0.001
0.4928604728378971

:48 2 0.001
0.4925630067494913

:49 2 0.001
0.4781731390104325

:50 2 0.001
0.46676858444193653

:2 2 0.0001
1.999999998846154

:3 2 0.0001
1.7320299457161898

:4 2 0.0001
1.6329000578520392

:5 2 0.0001
1.4129813717351547

:6 2 0.0001
1.4140385410772598

:7 2 0.0001
1.202312746837459

:8 2 0.0001
1.1703575814626885

:9 2 0.0001
1.1277774442731208

:10 2 0.0001
1.0579669507175262

:11 2 0.0001
0.9836133458865849

:12 2 0.0001
1.0512007856967223

:13 2 0.0001
0.911226339084838

:14 2 0.0001
0.8924264271539636

:15 2 0.0001
0.8368634538999166

:16 2 0.0001
0.8453945911630657

:17 2 0.0001
0.8316643906121782

:18 2 0.0001
0.8019792011367421

:19 2 0.0001
0.7709811924625467

:20 2 0.0001
0.7843436439942826

:21 2 0.0001
0.7445075877966043

:22 2 0.0001
0.7276167432921787

:23 2 0.0001
0.7025992764738401

:24 2 0.0001
0.7174930976485799

:25 2 0.0001
0.6805749653774705

:26 2 0.0001
0.6692358755872072

:27 2 0.0001
0.6698175157580245

:28 2 0.0001
0.6486691569540738

:29 2 0.0001
0.6241148587316311

:30 2 0.0001
0.6350819933133176

:31 2 0.0001
0.61101956308769

:32 2 0.0001
0.6404990141986328

:33 2 0.0001
0.5748313214325091

:34 2 0.0001
0.5819647424592592

:35 2 0.0001
0.5733009739693158

:36 2 0.0001
0.5741632183889046

:37 2 0.0001
0.5584304363162332

:38 2 0.0001
0.5573860261938514

:39 2 0.0001
0.5375236466921826

:40 2 0.0001
0.5455349843658318

:41 2 0.0001
0.5311820833851436

:42 2 0.0001
0.5281901898753364

:43 2 0.0001
0.5198300217413196

:44 2 0.0001
0.5074730545261102

:45 2 0.0001
0.5196856502701023

:46 2 0.0001
0.498372617212391

:47 2 0.0001
0.4894871705047878

:48 2 0.0001
0.48934867710626523

:49 2 0.0001
0.48255848703023246

:50 2 0.0001
0.4745569273728454

:2 1 0.1
1.998825243715257

:3 1 0.1
1.731064813467187

:4 1 0.1
1.5593288467720499

:5 1 0.1
1.3709910699800394

:6 1 0.1
1.2957873926580181

:7 1 0.1
1.1907245510250062

:8 1 0.1
1.1055040816538428

:9 1 0.1
1.0677687389417803

:10 1 0.1
1.0191916411842648

:11 1 0.1
0.9563739532321476

:12 1 0.1
0.9504305831979751

:13 1 0.1
0.8816359381928048

:14 1 0.1
0.8476187870531247

:15 1 0.1
0.8416926361266158

:16 1 0.1
0.8018698683291917

:17 1 0.1
0.787000629176635

:18 1 0.1
0.7545183731897156

:19 1 0.1
0.7336929613158006

:20 1 0.1
0.7237790968555103

:21 1 0.1
0.706036454319944

:22 1 0.1
0.6831459685686719

:23 1 0.1
0.666313182841263

:24 1 0.1
0.6623598471290431

:25 1 0.1
0.6434261640445191

:26 1 0.1
0.6206369103378034

:27 1 0.1
0.6181397571402792

:28 1 0.1
0.602407729754835

:29 1 0.1
0.5786813402562109

:30 1 0.1
0.5856459376715101

:31 1 0.1
0.5609010305101113

:32 1 0.1
0.5666194517912694

:33 1 0.1
0.5513305161256651

:34 1 0.1
0.5349984898320438

:35 1 0.1
0.5240479279884978

:36 1 0.1
0.5146214951738352

:37 1 0.1
0.5272460950116052

:38 1 0.1
0.5091884333307443

:39 1 0.1
0.4909736388746348

:40 1 0.1
0.4894624530301012

:41 1 0.1
0.4833292813625681

:42 1 0.1
0.472737120216232

:43 1 0.1
0.4722445804965316

:44 1 0.1
0.46287850065440944

:45 1 0.1
0.45631515509746445

:46 1 0.1
0.4500657412985072

:47 1 0.1
0.4470901462026198

:48 1 0.1
0.437773126910831

:49 1 0.1
0.4361460567683655

:50 1 0.1
0.42239730871283765

:2 1 0.01
1.9999765936222633

:3 1 0.01
1.7302350849619437

:4 1 0.01
1.6237205800284895

:5 1 0.01
1.4081353769851876

:6 1 0.01
1.4031935925145236

:7 1 0.01
1.1805944459491655

:8 1 0.01
1.1715077816100388

:9 1 0.01
1.1219661089237805

:10 1 0.01
1.0637402183095348

:11 1 0.01
0.9837074849778128

:12 1 0.01
1.04064244382991

:13 1 0.01
0.918196013926562

:14 1 0.01
0.8795430720998062

:15 1 0.01
0.8552006506705271

:16 1 0.01
0.8329314268015827

:17 1 0.01
0.8425079792461087

:18 1 0.01
0.800016809720178

:19 1 0.01
0.7693658914682792

:20 1 0.01
0.7856114807116864

:21 1 0.01
0.7485623433917884

:22 1 0.01
0.738047501840135

:23 1 0.01
0.6959959296492819

:24 1 0.01
0.7144316016519495

:25 1 0.01
0.6816753432198849

:26 1 0.01
0.67091151973957

:27 1 0.01
0.6785155658141271

:28 1 0.01
0.645778994830945

:29 1 0.01
0.6246674557483227

:30 1 0.01
0.630708908208352

:31 1 0.01
0.6203319457782647

:32 1 0.01
0.6285690042958996

:33 1 0.01
0.5902216664226897

:34 1 0.01
0.5747850477263464

:35 1 0.01
0.5717734468963472

:36 1 0.01
0.5679345227319504

:37 1 0.01
0.5493790761458855

:38 1 0.01
0.5592204246882124

:39 1 0.01
0.539009435068526

:40 1 0.01
0.5383234590102682

:41 1 0.01
0.5382050270464094

:42 1 0.01
0.5198199169134471

:43 1 0.01
0.5165803746727029

:44 1 0.01
0.5038256165018961

:45 1 0.01
0.5100141988641805

:46 1 0.01
0.5024677604490316

:47 1 0.01
0.4958621205242943

:48 1 0.01
0.4990162221971934

:49 1 0.01
0.4841749256965057

:50 1 0.01
0.4755027828113642

:2 1 0.001
1.9999991587665675

:3 1 0.001
1.7319687471928216

:4 1 0.001
1.6320288759589927

:5 1 0.001
1.4118858576379483

:6 1 0.001
1.4127815114382498

:7 1 0.001
1.1943297301120555

:8 1 0.001
1.1722419367218448

:9 1 0.001
1.1275579893166674

:10 1 0.001
1.0730725969189818

:11 1 0.001
0.9843626916789957

:12 1 0.001
1.0502648107976453

:13 1 0.001
0.8913203194606863

:14 1 0.001
0.889261912780701

:15 1 0.001
0.8401725713088445

:16 1 0.001
0.8308959530817287

:17 1 0.001
0.831816333679526

:18 1 0.001
0.8060395580456489

:19 1 0.001
0.7672183060315346

:20 1 0.001
0.7650422785874159

:21 1 0.001
0.7494617228333396

:22 1 0.001
0.7244845533197303

:23 1 0.001
0.706910688653627

:24 1 0.001
0.7114819440548912

:25 1 0.001
0.6847524773567212

:26 1 0.001
0.6705690329597723

:27 1 0.001
0.6705190472117342

:28 1 0.001
0.648763677766074

:29 1 0.001
0.6255544164130273

:30 1 0.001
0.6347913964166058

:31 1 0.001
0.6180745062121095

:32 1 0.001
0.6230102272216823

:33 1 0.001
0.5784490697294984

:34 1 0.001
0.5752706250582258

:35 1 0.001
0.5709467118742039

:36 1 0.001
0.5695777422806733

:37 1 0.001
0.547998103490058

:38 1 0.001
0.5558111797882326

:39 1 0.001
0.5444129737992617

:40 1 0.001
0.5372827628937243

:41 1 0.001
0.5320772281489071

:42 1 0.001
0.5318009668165676

:43 1 0.001
0.5115634220067989

:44 1 0.001
0.5090883524701606

:45 1 0.001
0.5146418773637936

:46 1 0.001
0.49229343478019677

:47 1 0.001
0.49307774912446933

:48 1 0.001
0.4837332785636755

:49 1 0.001
0.48516326410411753

:50 1 0.001
0.4733411007796344

:2 1 0.0001
1.9999999998983613

:3 1 0.0001
1.732017532211582

:4 1 0.0001
1.6328155778438724

:5 1 0.0001
1.413145346560987

:6 1 0.0001
1.4139168457292488

:7 1 0.0001
1.1975201277536014

:8 1 0.0001
1.1765791705091564

:9 1 0.0001
1.12686112539131

:10 1 0.0001
1.0723909985748412

:11 1 0.0001
0.9838226972057132

:12 1 0.0001
1.0513212091733017

:13 1 0.0001
0.8986242818659592

:14 1 0.0001
0.8926730139036371

:15 1 0.0001
0.8398218011612216

:16 1 0.0001
0.8389271976886477

:17 1 0.0001
0.8436585548256447

:18 1 0.0001
0.8060805814700284

:19 1 0.0001
0.7690585534092761

:20 1 0.0001
0.7889173033267441

:21 1 0.0001
0.7487919797754993

:22 1 0.0001
0.7417016646263027

:23 1 0.0001
0.7004970150888163

:24 1 0.0001
0.7115359383931635

:25 1 0.0001
0.6810582071768895

:26 1 0.0001
0.6710580221346034

:27 1 0.0001
0.6832112932673525

:28 1 0.0001
0.650628661104811

:29 1 0.0001
0.6218963267927166

:30 1 0.0001
0.6336453641167004

:31 1 0.0001
0.6143152767189809

:32 1 0.0001
0.636785404830705

:33 1 0.0001
0.5753106307302396

:34 1 0.0001
0.582137625702266

:35 1 0.0001
0.572441680942121

:36 1 0.0001
0.573204412631818

:37 1 0.0001
0.556552004676749

:38 1 0.0001
0.5544499605668948

:39 1 0.0001
0.5399781120002005

:40 1 0.0001
0.5356191364634676

:41 1 0.0001
0.54144237099946

:42 1 0.0001
0.5392510866029052

:43 1 0.0001
0.4971698695830369

:44 1 0.0001
0.5064082189980881

:45 1 0.0001
0.5135696006259287

:46 1 0.0001
0.5016255979797867

:47 1 0.0001
0.4959775727863977

:48 1 0.0001
0.49768680082199546

:49 1 0.0001
0.4835965879813264

:50 1 0.0001
0.4763818539182425

