:2 5 0.1
1.999915880045233

:3 5 0.1
1.7117931239335722

:4 5 0.1
1.5705194561471603

:5 5 0.1
1.339126346157322

:6 5 0.1
1.3096719489745179

:7 5 0.1
1.1515358832669984

:8 5 0.1
1.0602149562476268

:9 5 0.1
1.0520515422795982

:10 5 0.1
1.0186691537664778

:11 5 0.1
0.9320196826061804

:12 5 0.1
0.9420008869187311

:13 5 0.1
0.8885438203276501

:14 5 0.1
0.8516502027276688

:15 5 0.1
0.8348800659179841

:16 5 0.1
0.7993134753014258

:17 5 0.1
0.7916315721952966

:18 5 0.1
0.7605302176093057

:19 5 0.1
0.7335624313162669

:20 5 0.1
0.7241248638392732

:21 5 0.1
0.7006486795230447

:22 5 0.1
0.706493853381465

:23 5 0.1
0.6596921641391309

:24 5 0.1
0.6645948444751968

:25 5 0.1
0.6399976541340076

:26 5 0.1
0.6110954902036936

:27 5 0.1
0.617886888570499

:28 5 0.1
0.5882695112315619

:29 5 0.1
0.5494895085045485

:30 5 0.1
0.5681011555590681

:31 5 0.1
0.5456612175505191

:32 5 0.1
0.5351852678080882

:33 5 0.1
0.5331573059747755

:34 5 0.1
0.5090142754172957

:35 5 0.1
0.4968892079683902

:36 5 0.1
0.4928097865572261

:37 5 0.1
0.46272849071064964

:38 5 0.1
0.46640238331015854

:39 5 0.1
0.462718315508395

:40 5 0.1
0.457310888438075

:41 5 0.1
0.43313754699476936

:42 5 0.1
0.43752990397493646

:43 5 0.1
0.4303608607435035

:44 5 0.1
0.4200660192635585

:45 5 0.1
0.4134362777253196

:46 5 0.1
0.4055922307452191

:47 5 0.1
0.42900473758880303

:48 5 0.1
0.3998195779763068

:49 5 0.1
0.40911305651389457

:50 5 0.1
0.3814798011478797

:2 5 0.01
1.9999893508401012

:3 5 0.01
1.7240175577285892

:4 5 0.01
1.626151430249262

:5 5 0.01
1.4012160991146756

:6 5 0.01
1.397857550282299

:7 5 0.01
1.212403319796312

:8 5 0.01
1.1574818912704614

:9 5 0.01
1.1234581279116866

:10 5 0.01
1.063385105820052

:11 5 0.01
0.9827854076401944

:12 5 0.01
1.0397960171928704

:13 5 0.01
0.900458606641429

:14 5 0.01
0.8867202289563901

:15 5 0.01
0.8443674307733287

:16 5 0.01
0.8468163284041593

:17 5 0.01
0.8367226083335789

:18 5 0.01
0.8019383735279528

:19 5 0.01
0.7703503134898413

:20 5 0.01
0.7873504618169083

:21 5 0.01
0.7496088267042254

:22 5 0.01
0.7357786809095233

:23 5 0.01
0.705663114290409

:24 5 0.01
0.7157351676570906

:25 5 0.01
0.6838244979896323

:26 5 0.01
0.67154696739167

:27 5 0.01
0.6788825124050818

:28 5 0.01
0.6450170039181053

:29 5 0.01
0.6241652362773827

:30 5 0.01
0.626627307727235

:31 5 0.01
0.6122181902008428

:32 5 0.01
0.6262912927597696

:33 5 0.01
0.5828966200534

:34 5 0.01
0.5768146302552521

:35 5 0.01
0.5709000296636838

:36 5 0.01
0.5637953490525395

:37 5 0.01
0.5554502236214623

:38 5 0.01
0.5483171749082174

:39 5 0.01
0.5426658480503154

:40 5 0.01
0.5359158334430542

:41 5 0.01
0.5321005054393612

:42 5 0.01
0.5199770386634218

:43 5 0.01
0.5045280191650321

:44 5 0.01
0.5029459625946641

:45 5 0.01
0.5049378464647758

:46 5 0.01
0.4930552280352278

:47 5 0.01
0.4873384296960688

:48 5 0.01
0.4816693236097041

:49 5 0.01
0.48140578258040306

:50 5 0.01
0.46941951285044653

:2 5 0.001
1.9999969950000525

:3 5 0.001
1.73131757391413

:4 5 0.001
1.6319218926348678

:5 5 0.001
1.4125891647843964

:6 5 0.001
1.41085190683762

:7 5 0.001
1.1878251635059975

:8 5 0.001
1.1557761231522157

:9 5 0.001
1.1241139522915335

:10 5 0.001
1.057932941669626

:11 5 0.001
0.983719758300133

:12 5 0.001
1.0478731907426047

:13 5 0.001
0.8948382617023937

:14 5 0.001
0.8879076023498321

:15 5 0.001
0.8383121735560758

:16 5 0.001
0.8477501384856748

:17 5 0.001
0.8404072672969239

:18 5 0.001
0.8042239785658719

:19 5 0.001
0.7723856131602188

:20 5 0.001
0.7868526442449747

:21 5 0.001
0.749021687523912

:22 5 0.001
0.737762958893453

:23 5 0.001
0.702616335408722

:24 5 0.001
0.7201310399659047

:25 5 0.001
0.6851657672909838

:26 5 0.001
0.6717216451725453

:27 5 0.001
0.6736143177845069

:28 5 0.001
0.6480195612232087

:29 5 0.001
0.6258819515946669

:30 5 0.001
0.6317474812263976

:31 5 0.001
0.6218479979669482

:32 5 0.001
0.6389613366380628

:33 5 0.001
0.5769884602657266

:34 5 0.001
0.581640178435277

:35 5 0.001
0.5732928357612918

:36 5 0.001
0.5640047624431483

:37 5 0.001
0.5562685539592517

:38 5 0.001
0.5543334677000469

:39 5 0.001
0.5464725012180739

:40 5 0.001
0.5393815442802787

:41 5 0.001
0.5251677631341248

:42 5 0.001
0.5301670225601932

:43 5 0.001
0.512802531552447

:44 5 0.001
0.5302821774780407

:45 5 0.001
0.5080719490821998

:46 5 0.001
0.5053646094231955

:47 5 0.001
0.4944072287800581

:48 5 0.001
0.4892015446924618

:49 5 0.001
0.4889510750204202

:50 5 0.001
0.4795138950559649

:2 5 0.0001
1.999997826536319

:3 5 0.0001
1.7320113673980186

:4 5 0.0001
1.632894278392661

:5 5 0.0001
1.4136771473932568

:6 5 0.0001
1.413993714803398

:7 5 0.0001
1.1874518266261669

:8 5 0.0001
1.170934893997301

:9 5 0.0001
1.124392356168934

:10 5 0.0001
1.0621259126173557

:11 5 0.0001
0.9868065988068379

:12 5 0.0001
1.0506357957980728

:13 5 0.0001
0.8912847763468198

:14 5 0.0001
0.8911195350329618

:15 5 0.0001
0.8355457910536349

:16 5 0.0001
0.8352334435717111

:17 5 0.0001
0.8343132983344558

:18 5 0.0001
0.8002257141041116

:19 5 0.0001
0.7534319577573373

:20 5 0.0001
0.7850740811621358

:21 5 0.0001
0.7500731458280033

:22 5 0.0001
0.7250684163693486

:23 5 0.0001
0.6987383232331141

:24 5 0.0001
0.7159606622277245

:25 5 0.0001
0.679185723558966

:26 5 0.0001
0.6703760486388545

:27 5 0.0001
0.6828031021029592

:28 5 0.0001
0.6504891890401031

:29 5 0.0001
0.6229344375197096

:30 5 0.0001
0.6321793757860705

:31 5 0.0001
0.6248874647382471

:32 5 0.0001
0.6404224008738396

:33 5 0.0001
0.5815419288296558

:34 5 0.0001
0.5753693925417629

:35 5 0.0001
0.5755576707855562

:36 5 0.0001
0.5552916448510432

:37 5 0.0001
0.5572466779643871

:38 5 0.0001
0.5574642804401088

:39 5 0.0001
0.5439117849505333

:40 5 0.0001
0.5361187593661846

:41 5 0.0001
0.5364790366410007

:42 5 0.0001
0.5308429586558242

:43 5 0.0001
0.5289163097744302

:44 5 0.0001
0.5359561185095653

:45 5 0.0001
0.49948591877827303

:46 5 0.0001
0.5037082546924787

:47 5 0.0001
0.490398576240546

:48 5 0.0001
0.4938131188393589

:49 5 0.0001
0.4862003775869974

:50 5 0.0001
0.4799868282006459

:2 3 0.1
1.9991716667526485

:3 3 0.1
1.6975376617164024

:4 3 0.1
1.5624828428312414

:5 3 0.1
1.3415429485736683

:6 3 0.1
1.3274521477968801

:7 3 0.1
1.1504315574461712

:8 3 0.1
1.116235383510691

:9 3 0.1
1.0590991876816505

:10 3 0.1
1.000549748687269

:11 3 0.1
0.9478734327170723

:12 3 0.1
0.9525658381463188

:13 3 0.1
0.8968374932206572

:14 3 0.1
0.8396879114801855

:15 3 0.1
0.8325436339441546

:16 3 0.1
0.8013110407589076

:17 3 0.1
0.7969607085792979

:18 3 0.1
0.7506698413615739

:19 3 0.1
0.7233054237096562

:20 3 0.1
0.719118792961558

:21 3 0.1
0.6989227164094175

:22 3 0.1
0.6887088802977037

:23 3 0.1
0.6672019269035502

:24 3 0.1
0.6612008760933484

:25 3 0.1
0.6446463690595567

:26 3 0.1
0.6193957754157994

:27 3 0.1
0.6186707876312643

:28 3 0.1
0.5837882919685664

:29 3 0.1
0.5752242727052846

:30 3 0.1
0.5585613247373661

:31 3 0.1
0.5698220990452841

:32 3 0.1
0.5337660863392717

:33 3 0.1
0.5167092095414954

:34 3 0.1
0.5067870411751116

:35 3 0.1
0.5066528784088198

:36 3 0.1
0.48130583452987746

:37 3 0.1
0.5010920528610635

:38 3 0.1
0.4830232639065186

:39 3 0.1
0.46606249030981095

:40 3 0.1
0.48144992336062226

:41 3 0.1
0.45904467663750165

:42 3 0.1
0.46132241074710495

:43 3 0.1
0.4469220542334142

:44 3 0.1
0.4358803299514755

:45 3 0.1
0.43540219101142036

:46 3 0.1
0.4207108445672482

:47 3 0.1
0.4124933608963591

:48 3 0.1
0.4210372633225936

:49 3 0.1
0.4150158488736495

:50 3 0.1
0.40900319218413755

:2 3 0.01
1.9999891283656412

:3 3 0.01
1.7285824139402333

:4 3 0.01
1.6236057074870625

:5 3 0.01
1.372886131429197

:6 3 0.01
1.3889660785236597

:7 3 0.01
1.205797298987439

:8 3 0.01
1.1609882230463147

:9 3 0.01
1.1208694543125028

:10 3 0.01
1.0583733882703623

:11 3 0.01
0.9826272709033423

:12 3 0.01
1.0354056073164275

:13 3 0.01
0.9001849955237238

:14 3 0.01
0.8869811228194312

:15 3 0.01
0.84008816943877

:16 3 0.01
0.8452638538221248

:17 3 0.01
0.8305963837840443

:18 3 0.01
0.8056573474886863

:19 3 0.01
0.7689114306299372

:20 3 0.01
0.7826365244602657

:21 3 0.01
0.75168337411701

:22 3 0.01
0.7368099080962889

:23 3 0.01
0.7049535548743934

:24 3 0.01
0.7146886426646625

:25 3 0.01
0.6842262027788409

:26 3 0.01
0.670204758023329

:27 3 0.01
0.6698246155330875

:28 3 0.01
0.6455031261563062

:29 3 0.01
0.6259739617522632

:30 3 0.01
0.6187889904067906

:31 3 0.01
0.6114578234806104

:32 3 0.01
0.6277362195618373

:33 3 0.01
0.5862894927551333

:34 3 0.01
0.5704219941698411

:35 3 0.01
0.5730384558295585

:36 3 0.01
0.5594646957992926

:37 3 0.01
0.5576897739164662

:38 3 0.01
0.5480524026438323

:39 3 0.01
0.539823051985406

:40 3 0.01
0.5376002618450749

:41 3 0.01
0.5325168251867836

:42 3 0.01
0.5198933876840962

:43 3 0.01
0.5261192735172477

:44 3 0.01
0.497537421608823

:45 3 0.01
0.5095015479926356

:46 3 0.01
0.4942205953977317

:47 3 0.01
0.48509409556545807

:48 3 0.01
0.48920399527744424

:49 3 0.01
0.47424131775598005

:50 3 0.01
0.47337483645612904

:2 3 0.001
1.9999788351955508

:3 3 0.001
1.731837448000035

:4 3 0.001
1.6314048722122223

:5 3 0.001
1.4123830689742958

:6 3 0.001
1.4117232349303086

:7 3 0.001
1.1835301694021918

:8 3 0.001
1.1719219893864472

:9 3 0.001
1.1234566678417361

:10 3 0.001
1.0589769302589491

:11 3 0.001
0.9853159448098331

:12 3 0.001
1.0503443594181017

:13 3 0.001
0.9020870820002876

:14 3 0.001
0.8895910710208491

:15 3 0.001
0.8397753132290142

:16 3 0.001
0.8279998255624145

:17 3 0.001
0.8338106558475605

:18 3 0.001
0.8044908066150143

:19 3 0.001
0.7644474359980346

:20 3 0.001
0.7863492556336391

:21 3 0.001
0.7488322693655262

:22 3 0.001
0.7386749653395629

:23 3 0.001
0.6939073635600844

:24 3 0.001
0.7064287479246496

:25 3 0.001
0.6816792960477503

:26 3 0.001
0.6632252896859857

:27 3 0.001
0.6730371049204926

:28 3 0.001
0.6483540607028421

:29 3 0.001
0.624679764476644

:30 3 0.001
0.6308257224294909

:31 3 0.001
0.6204830630159953

:32 3 0.001
0.6385244959032362

:33 3 0.001
0.5883967377395661

:34 3 0.001
0.5736765933351304

:35 3 0.001
0.5710784907193089

:36 3 0.001
0.5688840289077105

:37 3 0.001
0.5533222093489817

:38 3 0.001
0.5572560355257743

:39 3 0.001
0.5300545108733673

:40 3 0.001
0.5365820289921519

:41 3 0.001
0.5340529896924675

:42 3 0.001
0.5262187337767515

:43 3 0.001
0.525105374578959

:44 3 0.001
0.4987447810476017

:45 3 0.001
0.5000335414172469

:46 3 0.001
0.5044750669868127

:47 3 0.001
0.4938778404183127

:48 3 0.001
0.488060504349276

:49 3 0.001
0.48025879316181586

:50 3 0.001
0.4722462339629255

:2 3 0.0001
1.9999984842952276

:3 3 0.0001
1.7320261421740308

:4 3 0.0001
1.6328423065622124

:5 3 0.0001
1.4063829348909411

:6 3 0.0001
1.4138709237100138

:7 3 0.0001
1.1863172586804236

:8 3 0.0001
1.1723637054032763

:9 3 0.0001
1.1317541742081973

:10 3 0.0001
1.0601170410165548

:11 3 0.0001
0.985008856223021

:12 3 0.0001
1.0513324212398818

:13 3 0.0001
0.886313954200705

:14 3 0.0001
0.8927860598846252

:15 3 0.0001
0.8527030797791529

:16 3 0.0001
0.8284629161966844

:17 3 0.0001
0.8447415828501527

:18 3 0.0001
0.7998932265259086

:19 3 0.0001
0.7684288896103788

:20 3 0.0001
0.786763803329332

:21 3 0.0001
0.7525310433958551

:22 3 0.0001
0.7418562070894673

:23 3 0.0001
0.6984232897591215

:24 3 0.0001
0.7191200778626309

:25 3 0.0001
0.6803601805689458

:26 3 0.0001
0.6676464279996798

:27 3 0.0001
0.6711305490966422

:28 3 0.0001
0.6496384082513088

:29 3 0.0001
0.6250392993973138

:30 3 0.0001
0.6295457832936174

:31 3 0.0001
0.6139207261276873

:32 3 0.0001
0.6384056450661191

:33 3 0.0001
0.5772954218138432

:34 3 0.0001
0.5803908771456251

:35 3 0.0001
0.5681386238482136

:36 3 0.0001
0.5619434255967404

:37 3 0.0001
0.554388050104898

:38 3 0.0001
0.5522175418849898

:39 3 0.0001
0.5420474664937375

:40 3 0.0001
0.533711599946487

:41 3 0.0001
0.5327664255343777

:42 3 0.0001
0.5183949264457575

:43 3 0.0001
0.503298742425308

:44 3 0.0001
0.5139696645387968

:45 3 0.0001
0.511907528323475

:46 3 0.0001
0.5021889122559795

:47 3 0.0001
0.4970379736453972

:48 3 0.0001
0.4856365402963175

:49 3 0.0001
0.4693686012790439

:50 3 0.0001
0.4874317348823853

:2 2 0.1
1.9996614905994115

:3 2 0.1
1.7231538742336265

:4 2 0.1
1.5786467494374508

:5 2 0.1
1.3868199238884495

:6 2 0.1
1.321402480001392

:7 2 0.1
1.1984411011502678

:8 2 0.1
1.1027590495336206

:9 2 0.1
1.0449647622353233

:10 2 0.1
1.003339988543756

:11 2 0.1
0.9628726835042171

:12 2 0.1
0.9385466289613335

:13 2 0.1
0.8620424484661305

:14 2 0.1
0.8519571269865766

:15 2 0.1
0.8379172866644247

:16 2 0.1
0.7737677301957769

:17 2 0.1
0.7874066244948503

:18 2 0.1
0.7622785998691918

:19 2 0.1
0.7278860544924056

:20 2 0.1
0.7284014178038195

:21 2 0.1
0.7137656410409442

:22 2 0.1
0.6916690577382973

:23 2 0.1
0.6714381290372134

:24 2 0.1
0.6639830206917474

:25 2 0.1
0.6405169542685155

:26 2 0.1
0.6268730225644622

:27 2 0.1
0.6176275581901897

:28 2 0.1
0.5905267933728985

:29 2 0.1
0.5625544361542922

:30 2 0.1
0.5751284397400883

:31 2 0.1
0.547066419217099

:32 2 0.1
0.5475592135710705

:33 2 0.1
0.5311845126177331

:34 2 0.1
0.5409013342029858

:35 2 0.1
0.5091184858278511

:36 2 0.1
0.5041518909638849

:37 2 0.1
0.5054603160537672

:38 2 0.1
0.4734153171730389

:39 2 0.1
0.49437897914902074

:40 2 0.1
0.4737698370351254

:41 2 0.1
0.4794540290052345

:42 2 0.1
0.4550333310336306

:43 2 0.1
0.45484424354092673

:44 2 0.1
0.45633288553842916

:45 2 0.1
0.4348939492207948

:46 2 0.1
0.4556073839541588

:47 2 0.1
0.4287802755197732

:48 2 0.1
0.4221623836904734

:49 2 0.1
0.420473072362676

:50 2 0.1
0.410404943603017

:2 2 0.01
1.9999757552699924

:3 2 0.01
1.7286768078325634

:4 2 0.01
1.624062014733612

:5 2 0.01
1.3977886901034529

:6 2 0.01
1.4010812303344975

:7 2 0.01
1.199109345670958

:8 2 0.01
1.1651716551837825

:9 2 0.01
1.1254224571856242

:10 2 0.01
1.0610738329142102

:11 2 0.01
0.9900949789925942

:12 2 0.01
1.0398251519167558

:13 2 0.01
0.8986344447460706

:14 2 0.01
0.8745496229779154

:15 2 0.01
0.8407466075889148

:16 2 0.01
0.8477687387831359

:17 2 0.01
0.8332432500222745

:18 2 0.01
0.8015095639779147

:19 2 0.01
0.767424449298162

:20 2 0.01
0.7766809244913478

:21 2 0.01
0.7497350280356958

:22 2 0.01
0.7351461603508104

:23 2 0.01
0.6965818932804458

:24 2 0.01
0.7154978992643194

:25 2 0.01
0.6864525433770492

:26 2 0.01
0.6726514552604926

:27 2 0.01
0.6709588622561814

:28 2 0.01
0.6463206548991661

:29 2 0.01
0.6265925513336625

:30 2 0.01
0.6302647818875916

:31 2 0.01
0.6166975307415394

:32 2 0.01
0.6270443448872267

:33 2 0.01
0.5929320087900425

:34 2 0.01
0.5787836066818285

:35 2 0.01
0.5645672777574827

:36 2 0.01
0.5543136796887911

:37 2 0.01
0.559408265132488

:38 2 0.01
0.5491176457629295

:39 2 0.01
0.5390175108409593

:40 2 0.01
0.5366214921963489

:41 2 0.01
0.5227996578704844

:42 2 0.01
0.5108657292703694

:43 2 0.01
0.5051434231780516

:44 2 0.01
0.522447555538873

:45 2 0.01
0.4969666192775292

:46 2 0.01
0.49898528716488927

:47 2 0.01
0.4941343466313592

:48 2 0.01
0.4913129441944926

:49 2 0.01
0.46859704949596304

:50 2 0.01
0.47983417816971935

:2 2 0.001
1.999998871806817

:3 2 0.001
1.731849470894886

:4 2 0.001
1.631834859935014

:5 2 0.001
1.4119525698104072

:6 2 0.001
1.4127671939382695

:7 2 0.001
1.1940443473208524

:8 2 0.001
1.1683410486757333

:9 2 0.001
1.1334526407017544

:10 2 0.001
1.0574851802532974

:11 2 0.001
0.9886069906421749

:12 2 0.001
1.0501869165683753

:13 2 0.001
0.8990257716899035

:14 2 0.001
0.8735129308092483

:15 2 0.001
0.8442734823903052

:16 2 0.001
0.8371615013005272

:17 2 0.001
0.8424206999997484

:18 2 0.001
0.8001315408264663

:19 2 0.001
0.771798306985268

:20 2 0.001
0.7884494956865168

:21 2 0.001
0.7476376205527234

:22 2 0.001
0.7320152926778182

:23 2 0.001
0.7057198849905745

:24 2 0.001
0.7031140581892155

:25 2 0.001
0.6832071403023763

:26 2 0.001
0.6700718332846317

:27 2 0.001
0.68378064124106

:28 2 0.001
0.6498740900567131

:29 2 0.001
0.623621460686299

:30 2 0.001
0.630669915900098

:31 2 0.001
0.6138146704122062

:32 2 0.001
0.6093856837362313

:33 2 0.001
0.5905316067455085

:34 2 0.001
0.5822679429940033

:35 2 0.001
0.5731413871064573

:36 2 0.001
0.5636332485141197

:37 2 0.001
0.5468937274989865

:38 2 0.001
0.5559709873541706

:39 2 0.001
0.5511520959771485

:40 2 0.001
0.5438622294054473

:41 2 0.001
0.5346738393278344

:42 2 0.001
0.5305429425869332

:43 2 0.001
0.5193517866899188

:44 2 0.001
0.5157719101357202

:45 2 0.001
0.4998423391345303

:46 2 0.001
0.48245366303158804

:47 2 0.001
0.4919438056470775

:48 2 0.001
0.48763287054711507

:49 2 0.001
0.4838784496281421

:50 2 0.001
0.48462607287540793

:2 2 0.0001
1.9999989211650837

:3 2 0.0001
1.7320172448963598

:4 2 0.0001
1.6327986588849377

:5 2 0.0001
1.4129921008405637

:6 2 0.0001
1.4139000834047832

:7 2 0.0001
1.1789464162720178

:8 2 0.0001
1.1684414684584976

:9 2 0.0001
1.1310358164193928

:10 2 0.0001
1.0607701700845422

:11 2 0.0001
0.9843636865556539

:12 2 0.0001
1.0513049533663292

:13 2 0.0001
0.9090320731793403

:14 2 0.0001
0.8815836849743689

:15 2 0.0001
0.8454571553780198

:16 2 0.0001
0.8312339523914408

:17 2 0.0001
0.841236265306569

:18 2 0.0001
0.7988397648161613

:19 2 0.0001
0.7696487224401322

:20 2 0.0001
0.7873340904512657

:21 2 0.0001
0.7485088146686715

:22 2 0.0001
0.7342680623053645

:23 2 0.0001
0.6939013516452194

:24 2 0.0001
0.720503806781699

:25 2 0.0001
0.6796706682446599

:26 2 0.0001
0.6702436915095519

:27 2 0.0001
0.6705756931164659

:28 2 0.0001
0.6490030664689008

:29 2 0.0001
0.6248022953503858

:30 2 0.0001
0.6208817368660214

:31 2 0.0001
0.6127243114806449

:32 2 0.0001
0.6389693938049001

:33 2 0.0001
0.5872529422082247

:34 2 0.0001
0.5622559628250089

:35 2 0.0001
0.5749199869224317

:36 2 0.0001
0.5777256104442746

:37 2 0.0001
0.5517885308836838

:38 2 0.0001
0.5488756799734366

:39 2 0.0001
0.5440331430878174

:40 2 0.0001
0.5461970989579011

:41 2 0.0001
0.5326059394544382

:42 2 0.0001
0.5176038013282717

:43 2 0.0001
0.5180325856180945

:44 2 0.0001
0.5253708235137675

:45 2 0.0001
0.5115975842376814

:46 2 0.0001
0.49109087690314146

:47 2 0.0001
0.49173476662347393

:48 2 0.0001
0.49157339033097186

:49 2 0.0001
0.4853894153155496

:50 2 0.0001
0.4786767746188254

:2 1 0.1
1.9997616161753864

:3 1 0.1
1.719049998572104

:4 1 0.1
1.5765755596045896

:5 1 0.1
1.3604963137176556

:6 1 0.1
1.311505708779028

:7 1 0.1
1.2002708626197143

:8 1 0.1
1.1233880971501402

:9 1 0.1
1.0775519653449515

:10 1 0.1
1.0188456089400686

:11 1 0.1
0.9539844104308001

:12 1 0.1
0.9297339862714445

:13 1 0.1
0.8796331080629364

:14 1 0.1
0.8596964807043129

:15 1 0.1
0.8282792038038274

:16 1 0.1
0.8031565472410772

:17 1 0.1
0.7887243088639874

:18 1 0.1
0.7709976443598684

:19 1 0.1
0.7374229895441298

:20 1 0.1
0.7336200506031543

:21 1 0.1
0.7227682265181321

:22 1 0.1
0.6850732192433998

:23 1 0.1
0.6649273554099339

:24 1 0.1
0.6583957798515357

:25 1 0.1
0.6435049564977966

:26 1 0.1
0.6251127776150066

:27 1 0.1
0.6182067924858144

:28 1 0.1
0.598628819274357

:29 1 0.1
0.5825063766156621

:30 1 0.1
0.574212676760654

:31 1 0.1
0.55813176204034

:32 1 0.1
0.558474061164989

:33 1 0.1
0.5355398233198322

:34 1 0.1
0.5503133831535022

:35 1 0.1
0.5301629203862546

:36 1 0.1
0.5173595083918066

:37 1 0.1
0.5125211721896615

:38 1 0.1
0.5000370168556477

:39 1 0.1
0.4936651085013009

:40 1 0.1
0.48172236218508613

:41 1 0.1
0.46750832162206507

:42 1 0.1
0.4679949455981258

:43 1 0.1
0.4653416269492272

:44 1 0.1
0.4656691801458411

:45 1 0.1
0.4587794358818278

:46 1 0.1
0.4510366197127134

:47 1 0.1
0.4471125961217195

:48 1 0.1
0.44829747162782674

:49 1 0.1
0.43473072924018324

:50 1 0.1
0.4299567417763949

:2 1 0.01
1.999942627419733

:3 1 0.01
1.7252328291706436

:4 1 0.01
1.6249088322188214

:5 1 0.01
1.3829604692418311

:6 1 0.01
1.4023234294886935

:7 1 0.01
1.2051982473776217

:8 1 0.01
1.172601719724121

:9 1 0.01
1.1234472434562426

:10 1 0.01
1.066503205849233

:11 1 0.01
0.9830895761958834

:12 1 0.01
1.0393023112135245

:13 1 0.01
0.9138712528879034

:14 1 0.01
0.8860980653160254

:15 1 0.01
0.8556245357199814

:16 1 0.01
0.8467105184754021

:17 1 0.01
0.8410219410492693

:18 1 0.01
0.8027394228518454

:19 1 0.01
0.7694993043802335

:20 1 0.01
0.7870759565406766

:21 1 0.01
0.7497064287390728

:22 1 0.01
0.7354578153234489

:23 1 0.01
0.7048640897259442

:24 1 0.01
0.716812208370579

:25 1 0.01
0.6826872518237762

:26 1 0.01
0.6709184776935202

:27 1 0.01
0.6586772292310387

:28 1 0.01
0.6451764505345755

:29 1 0.01
0.6262399735083278

:30 1 0.01
0.6288236944944064

:31 1 0.01
0.6198237271838285

:32 1 0.01
0.6246471068266517

:33 1 0.01
0.5814346354643402

:34 1 0.01
0.57105439742532

:35 1 0.01
0.5685035814390441

:36 1 0.01
0.569543392301271

:37 1 0.01
0.5537333178886477

:38 1 0.01
0.5523535769410465

:39 1 0.01
0.5483614176202223

:40 1 0.01
0.5256024968372052

:41 1 0.01
0.5311845397489597

:42 1 0.01
0.5209567705360204

:43 1 0.01
0.5208019737434041

:44 1 0.01
0.5032744994679448

:45 1 0.01
0.5092478145830004

:46 1 0.01
0.4979363493959578

:47 1 0.01
0.49685339490898595

:48 1 0.01
0.4776637384105246

:49 1 0.01
0.48773194753496907

:50 1 0.01
0.47845130842071654

:2 1 0.001
1.9999995741804375

:3 1 0.001
1.7319393770141813

:4 1 0.001
1.6318859489379631

:5 1 0.001
1.4121599007948982

:6 1 0.001
1.4127312691593878

:7 1 0.001
1.192501480118206

:8 1 0.001
1.1736298478716651

:9 1 0.001
1.1330715669026545

:10 1 0.001
1.063005778371849

:11 1 0.001
0.9860858858983813

:12 1 0.001
1.0502091489859515

:13 1 0.001
0.8913113143274947

:14 1 0.001
0.8880268089276538

:15 1 0.001
0.8441271936248134

:16 1 0.001
0.8300394058355115

:17 1 0.001
0.8329701131016728

:18 1 0.001
0.8012470630943516

:19 1 0.001
0.7702701701648805

:20 1 0.001
0.7852580048574248

:21 1 0.001
0.7480880473249992

:22 1 0.001
0.7377702982528875

:23 1 0.001
0.6931245241727587

:24 1 0.001
0.7189708370724225

:25 1 0.001
0.6842537425827383

:26 1 0.001
0.6646015914464872

:27 1 0.001
0.6718170927900693

:28 1 0.001
0.6485746015324597

:29 1 0.001
0.6245421472300631

:30 1 0.001
0.630821673497145

:31 1 0.001
0.6188638414253891

:32 1 0.001
0.639172953715345

:33 1 0.001
0.5820913426878637

:34 1 0.001
0.5797132005321418

:35 1 0.001
0.5662609042864962

:36 1 0.001
0.5585315181414853

:37 1 0.001
0.5535125445639687

:38 1 0.001
0.5550836675367607

:39 1 0.001
0.5401863906029393

:40 1 0.001
0.5432896421935944

:41 1 0.001
0.5370359801881747

:42 1 0.001
0.5261035833474661

:43 1 0.001
0.5121640062731964

:44 1 0.001
0.509863757110823

:45 1 0.001
0.5112115486654628

:46 1 0.001
0.49417399854224525

:47 1 0.001
0.4904484175938196

:48 1 0.001
0.4812689052671572

:49 1 0.001
0.4748303560725578

:50 1 0.001
0.48376171801376994

:2 1 0.0001
1.9999999965845658

:3 1 0.0001
1.7320261526192222

:4 1 0.0001
1.6326566860819673

:5 1 0.0001
1.4140066069864465

:6 1 0.0001
1.4140348577740314

:7 1 0.0001
1.19827909723563

:8 1 0.0001
1.174696090759585

:9 1 0.0001
1.1276894928373096

:10 1 0.0001
1.0588205285128223

:11 1 0.0001
0.9847464237232751

:12 1 0.0001
1.0512534211096773

:13 1 0.0001
0.9064486658742107

:14 1 0.0001
0.8768996642837688

:15 1 0.0001
0.8381576927207425

:16 1 0.0001
0.8384613914075295

:17 1 0.0001
0.8343876437669611

:18 1 0.0001
0.806675535842951

:19 1 0.0001
0.7716998445299875

:20 1 0.0001
0.7900007445555172

:21 1 0.0001
0.7491064836349367

:22 1 0.0001
0.7390075228475111

:23 1 0.0001
0.6946407725578098

:24 1 0.0001
0.7169302041629527

:25 1 0.0001
0.6804067385422895

:26 1 0.0001
0.6703449675058599

:27 1 0.0001
0.6775544978690357

:28 1 0.0001
0.6506456101457124

:29 1 0.0001
0.6259352778497626

:30 1 0.0001
0.629484011955017

:31 1 0.0001
0.6173363163670539

:32 1 0.0001
0.6406289579225355

:33 1 0.0001
0.5844692215972482

:34 1 0.0001
0.5729881050529931

:35 1 0.0001
0.5742552931938812

:36 1 0.0001
0.5658672938518484

:37 1 0.0001
0.5526829428110159

:38 1 0.0001
0.554618065196754

:39 1 0.0001
0.5445414127197802

:40 1 0.0001
0.5359290029229128

:41 1 0.0001
0.5424636618061035

:42 1 0.0001
0.521786179542038

:43 1 0.0001
0.5313010536062367

:44 1 0.0001
0.5301856979274445

:45 1 0.0001
0.5125709940561013

:46 1 0.0001
0.5007326277204213

:47 1 0.0001
0.4910049389980138

:48 1 0.0001
0.49050161826598665

:49 1 0.0001
0.4828188056876388

:50 1 0.0001
0.4696014067217504

