:2 5 0.1
1.9998915854583517

:3 5 0.1
1.7091444776766398

:4 5 0.1
1.5420498162586842

:5 5 0.1
1.3474184811514769

:6 5 0.1
1.288699119468484

:7 5 0.1
1.1477963827457172

:8 5 0.1
1.0939398725804697

:9 5 0.1
1.0347661310652452

:10 5 0.1
0.9961101584698474

:11 5 0.1
0.9481818133415839

:12 5 0.1
0.9474942956154745

:13 5 0.1
0.8747774578735075

:14 5 0.1
0.8595180732705475

:15 5 0.1
0.824322636944391

:16 5 0.1
0.7954316594647589

:17 5 0.1
0.7842105809264619

:18 5 0.1
0.7557490341531344

:19 5 0.1
0.7388583175913904

:20 5 0.1
0.7286374160341453

:21 5 0.1
0.6990140915359523

:22 5 0.1
0.687148085740937

:23 5 0.1
0.6577950043154981

:24 5 0.1
0.6665826666865999

:25 5 0.1
0.6391113525020303

:26 5 0.1
0.6263404994411107

:27 5 0.1
0.6028953691139858

:28 5 0.1
0.5855310720241356

:29 5 0.1
0.5695242983918453

:30 5 0.1
0.5707406893647946

:31 5 0.1
0.5357090265839584

:32 5 0.1
0.5193621502117677

:33 5 0.1
0.5149891960976526

:34 5 0.1
0.4958595014070955

:35 5 0.1
0.4876456062097309

:36 5 0.1
0.4740466503077578

:37 5 0.1
0.4717906324437169

:38 5 0.1
0.47256858803980273

:39 5 0.1
0.4686454224930073

:40 5 0.1
0.44743865162162777

:41 5 0.1
0.4418416792386379

:42 5 0.1
0.43933172117159236

:43 5 0.1
0.4209287567607332

:44 5 0.1
0.4183433050198951

:45 5 0.1
0.42098513573622215

:46 5 0.1
0.41348578291395616

:47 5 0.1
0.4199734016553167

:48 5 0.1
0.3965205586192592

:49 5 0.1
0.3935538203875861

:50 5 0.1
0.3857353864303324

:2 5 0.01
1.9999982768495823

:3 5 0.01
1.7286163926297349

:4 5 0.01
1.6200889807868917

:5 5 0.01
1.3946713034341964

:6 5 0.01
1.3990715798653535

:7 5 0.01
1.1953693274793673

:8 5 0.01
1.1705838425923272

:9 5 0.01
1.126034412479628

:10 5 0.01
1.0679598693486385

:11 5 0.01
0.9805967165067623

:12 5 0.01
1.0393978211138506

:13 5 0.01
0.9006331467227447

:14 5 0.01
0.8858246091190839

:15 5 0.01
0.8461576297894192

:16 5 0.01
0.8248927182544729

:17 5 0.01
0.8368496235037304

:18 5 0.01
0.8052480955740768

:19 5 0.01
0.7679937308984184

:20 5 0.01
0.7603760143630828

:21 5 0.01
0.7491308959433732

:22 5 0.01
0.7366893344829045

:23 5 0.01
0.6975304405891478

:24 5 0.01
0.7137429448863203

:25 5 0.01
0.6732719976419589

:26 5 0.01
0.6710394101689808

:27 5 0.01
0.67017725475036

:28 5 0.01
0.6442605641359437

:29 5 0.01
0.6249222747615575

:30 5 0.01
0.6288111921575336

:31 5 0.01
0.6140501019153254

:32 5 0.01
0.6156136356521136

:33 5 0.01
0.5875178504564723

:34 5 0.01
0.583000623007416

:35 5 0.01
0.569216951973965

:36 5 0.01
0.5635037171586832

:37 5 0.01
0.5585833423831198

:38 5 0.01
0.5526417911376832

:39 5 0.01
0.5381223832867617

:40 5 0.01
0.5384889998978815

:41 5 0.01
0.5145147119794383

:42 5 0.01
0.522987925347685

:43 5 0.01
0.5070626534646481

:44 5 0.01
0.5159658846425802

:45 5 0.01
0.5057884953607629

:46 5 0.01
0.4984704755757669

:47 5 0.01
0.4810627241148197

:48 5 0.01
0.49555447240261524

:49 5 0.01
0.4735993032959416

:50 5 0.01
0.46196340904750083

:2 5 0.001
1.999977903390002

:3 5 0.001
1.731408263039957

:4 5 0.001
1.6318143858607577

:5 5 0.001
1.4126631813348913

:6 5 0.001
1.4126487581494767

:7 5 0.001
1.1901972435884107

:8 5 0.001
1.1725043389485277

:9 5 0.001
1.1226510794252331

:10 5 0.001
1.0696485733666903

:11 5 0.001
0.9886920571797416

:12 5 0.001
1.0499511994330077

:13 5 0.001
0.8976784095990284

:14 5 0.001
0.8858571046439524

:15 5 0.001
0.8529213972363731

:16 5 0.001
0.846327954471333

:17 5 0.001
0.8296053996999039

:18 5 0.001
0.8020302442049726

:19 5 0.001
0.769233902425865

:20 5 0.001
0.7878691340876237

:21 5 0.001
0.7460136465180569

:22 5 0.001
0.731270354762331

:23 5 0.001
0.7054312144121028

:24 5 0.001
0.720152451118222

:25 5 0.001
0.6809388549183099

:26 5 0.001
0.6660310710377668

:27 5 0.001
0.6722449048651176

:28 5 0.001
0.6488178939804023

:29 5 0.001
0.6246281435704631

:30 5 0.001
0.6325274742972805

:31 5 0.001
0.605524622332588

:32 5 0.001
0.6167719088792014

:33 5 0.001
0.5838651247525051

:34 5 0.001
0.5775590657779912

:35 5 0.001
0.5664920741385076

:36 5 0.001
0.5577039880515521

:37 5 0.001
0.5540909298369744

:38 5 0.001
0.551638197007863

:39 5 0.001
0.5476961755805502

:40 5 0.001
0.5425293841079738

:41 5 0.001
0.5349100736777236

:42 5 0.001
0.5272119059893396

:43 5 0.001
0.5163086161688113

:44 5 0.001
0.5050996319761183

:45 5 0.001
0.511073985328167

:46 5 0.001
0.4996129067176172

:47 5 0.001
0.4904655029207994

:48 5 0.001
0.49703469502607206

:49 5 0.001
0.48549678782873346

:50 5 0.001
0.4692625245421227

:2 5 0.0001
1.999999840546228

:3 5 0.0001
1.7318293623040353

:4 5 0.0001
1.6327875675962351

:5 5 0.0001
1.413671282599937

:6 5 0.0001
1.4139081839964975

:7 5 0.0001
1.1801084172284269

:8 5 0.0001
1.1534829765082952

:9 5 0.0001
1.1286185873277252

:10 5 0.0001
1.061944936843059

:11 5 0.0001
0.9843431280547704

:12 5 0.0001
1.0513293967969428

:13 5 0.0001
0.8912076111041429

:14 5 0.0001
0.8855065074150715

:15 5 0.0001
0.8372301982571129

:16 5 0.0001
0.8424835994387739

:17 5 0.0001
0.825373403701115

:18 5 0.0001
0.8066897118422904

:19 5 0.0001
0.7589476765327284

:20 5 0.0001
0.7806503270598042

:21 5 0.0001
0.7487224475062334

:22 5 0.0001
0.7372295106075665

:23 5 0.0001
0.6984334694428492

:24 5 0.0001
0.7173806231272115

:25 5 0.0001
0.6808969537575179

:26 5 0.0001
0.6705189840446361

:27 5 0.0001
0.6734701900473872

:28 5 0.0001
0.6506441853193742

:29 5 0.0001
0.6253729352738128

:30 5 0.0001
0.6337658054961578

:31 5 0.0001
0.6110337379236045

:32 5 0.0001
0.6400935374156409

:33 5 0.0001
0.5876349570853746

:34 5 0.0001
0.5766092299153186

:35 5 0.0001
0.5659027696100174

:36 5 0.0001
0.5605101842393777

:37 5 0.0001
0.5513510179222213

:38 5 0.0001
0.5542808940799003

:39 5 0.0001
0.5413601430475029

:40 5 0.0001
0.5405991760320417

:41 5 0.0001
0.5365551316255609

:42 5 0.0001
0.5384258510267367

:43 5 0.0001
0.5068519668093807

:44 5 0.0001
0.5303301424929873

:45 5 0.0001
0.5120513780585643

:46 5 0.0001
0.5060572708457491

:47 5 0.0001
0.4913843622930556

:48 5 0.0001
0.4925230761739385

:49 5 0.0001
0.4757370591556933

:50 5 0.0001
0.4723237214894578

:2 3 0.1
1.9988539878568385

:3 3 0.1
1.722818098105338

:4 3 0.1
1.5622975607326526

:5 3 0.1
1.3527235547195937

:6 3 0.1
1.2859352076397919

:7 3 0.1
1.1640571639185286

:8 3 0.1
1.103884188964025

:9 3 0.1
1.0488550859021197

:10 3 0.1
0.9922651181817659

:11 3 0.1
0.9344106528398739

:12 3 0.1
0.942005601933989

:13 3 0.1
0.8776404142762622

:14 3 0.1
0.8592103412527377

:15 3 0.1
0.8268207189549012

:16 3 0.1
0.8012144790585807

:17 3 0.1
0.7877767649700602

:18 3 0.1
0.7749276164764209

:19 3 0.1
0.7264183549112585

:20 3 0.1
0.729863677721945

:21 3 0.1
0.7194871593626896

:22 3 0.1
0.7013590813091762

:23 3 0.1
0.6728989063463827

:24 3 0.1
0.6668330861760655

:25 3 0.1
0.6368535703690988

:26 3 0.1
0.6372353889162271

:27 3 0.1
0.6195102984096946

:28 3 0.1
0.5907852935273606

:29 3 0.1
0.5823952167854666

:30 3 0.1
0.5693632153942793

:31 3 0.1
0.5470125305929893

:32 3 0.1
0.5239751881002187

:33 3 0.1
0.5170918428070359

:34 3 0.1
0.5202465196903169

:35 3 0.1
0.5072235395430662

:36 3 0.1
0.48777893822488566

:37 3 0.1
0.49662425599426374

:38 3 0.1
0.48638700521147943

:39 3 0.1
0.4914704104518523

:40 3 0.1
0.45257992252755613

:41 3 0.1
0.4456421142748897

:42 3 0.1
0.454681625155314

:43 3 0.1
0.4476500539834858

:44 3 0.1
0.4338249283223252

:45 3 0.1
0.4241276738389023

:46 3 0.1
0.43052920055833505

:47 3 0.1
0.419410200960201

:48 3 0.1
0.4178742663622417

:49 3 0.1
0.41346434594601716

:50 3 0.1
0.402500524018822

:2 3 0.01
1.999911788012181

:3 3 0.01
1.7261432934870908

:4 3 0.01
1.6219131102054263

:5 3 0.01
1.3949913372923122

:6 3 0.01
1.3882716366205212

:7 3 0.01
1.1962480819280883

:8 3 0.01
1.1554341709676683

:9 3 0.01
1.127637034396794

:10 3 0.01
1.0665254218725722

:11 3 0.01
0.9832242995271856

:12 3 0.01
1.0402937950715043

:13 3 0.01
0.8976645231932342

:14 3 0.01
0.8892954102624464

:15 3 0.01
0.8490068034130481

:16 3 0.01
0.846287346404571

:17 3 0.01
0.8321711585525179

:18 3 0.01
0.803975806563261

:19 3 0.01
0.7632824784028159

:20 3 0.01
0.783521427653294

:21 3 0.01
0.750029358806893

:22 3 0.01
0.7370608592936736

:23 3 0.01
0.7050665097422062

:24 3 0.01
0.7166120618154626

:25 3 0.01
0.6846061026162804

:26 3 0.01
0.6742189379728948

:27 3 0.01
0.6712627546647397

:28 3 0.01
0.6454414993156461

:29 3 0.01
0.6241312099609161

:30 3 0.01
0.6251096936379542

:31 3 0.01
0.6112836972417184

:32 3 0.01
0.6183810030220179

:33 3 0.01
0.5876844929005337

:34 3 0.01
0.5806069461601487

:35 3 0.01
0.5738732800086879

:36 3 0.01
0.5646628677543362

:37 3 0.01
0.555062172411098

:38 3 0.01
0.5456389718044491

:39 3 0.01
0.5437274284423007

:40 3 0.01
0.534367796938757

:41 3 0.01
0.5187525155533025

:42 3 0.01
0.5034567810905966

:43 3 0.01
0.5167310337879308

:44 3 0.01
0.5208800964291106

:45 3 0.01
0.5067719257339546

:46 3 0.01
0.4950742484614203

:47 3 0.01
0.47546799807580076

:48 3 0.01
0.4860225766392456

:49 3 0.01
0.47884311345398967

:50 3 0.01
0.4653244716803047

:2 3 0.001
1.9999999964524173

:3 3 0.001
1.7317062313325582

:4 3 0.001
1.631741407741341

:5 3 0.001
1.4121772143489577

:6 3 0.001
1.412850577704796

:7 3 0.001
1.1947010316516946

:8 3 0.001
1.1747408416504936

:9 3 0.001
1.133814935637188

:10 3 0.001
1.0582913335367146

:11 3 0.001
0.9883129951261417

:12 3 0.001
1.0503531682708607

:13 3 0.001
0.901088354668917

:14 3 0.001
0.892450513794505

:15 3 0.001
0.8584548155587606

:16 3 0.001
0.8382777468901733

:17 3 0.001
0.8440019037759677

:18 3 0.001
0.7991648787243295

:19 3 0.001
0.7608244065551598

:20 3 0.001
0.7841166921869253

:21 3 0.001
0.7478837468871733

:22 3 0.001
0.7377987546292523

:23 3 0.001
0.6945140465488225

:24 3 0.001
0.7140996162322107

:25 3 0.001
0.6808300456933765

:26 3 0.001
0.6657046599767885

:27 3 0.001
0.6701148282708971

:28 3 0.001
0.6494476788353288

:29 3 0.001
0.6246027324095341

:30 3 0.001
0.6285702036821335

:31 3 0.001
0.618232782423362

:32 3 0.001
0.638406639267354

:33 3 0.001
0.5949773881350862

:34 3 0.001
0.5744332638313084

:35 3 0.001
0.5668649753679903

:36 3 0.001
0.5604427482382511

:37 3 0.001
0.5579393655103109

:38 3 0.001
0.5387381357535274

:39 3 0.001
0.5466365065070445

:40 3 0.001
0.5421757940298504

:41 3 0.001
0.5293571214832092

:42 3 0.001
0.5222400403317169

:43 3 0.001
0.528248433639798

:44 3 0.001
0.510798144390817

:45 3 0.001
0.5092718857503651

:46 3 0.001
0.5047568740823437

:47 3 0.001
0.49123531187227715

:48 3 0.001
0.49688968143289625

:49 3 0.001
0.48201417524432816

:50 3 0.001
0.47409334766659966

:2 3 0.0001
1.9999998626527005

:3 3 0.0001
1.7319329033254103

:4 3 0.0001
1.6327590265005147

:5 3 0.0001
1.4138414394827834

:6 3 0.0001
1.4138798254015834

:7 3 0.0001
1.1835161511463583

:8 3 0.0001
1.1632234211277621

:9 3 0.0001
1.1319945087028132

:10 3 0.0001
1.0657264353905342

:11 3 0.0001
0.9864427195167954

:12 3 0.0001
1.0513359347346098

:13 3 0.0001
0.9042985926861049

:14 3 0.0001
0.8898405408635064

:15 3 0.0001
0.8412686340516883

:16 3 0.0001
0.8304220756633102

:17 3 0.0001
0.8281911786951222

:18 3 0.0001
0.8033788631498463

:19 3 0.0001
0.7688317217095962

:20 3 0.0001
0.763058334026579

:21 3 0.0001
0.7495140634121834

:22 3 0.0001
0.7391065526051501

:23 3 0.0001
0.6986360120312982

:24 3 0.0001
0.721256007979831

:25 3 0.0001
0.6814159840240737

:26 3 0.0001
0.6701490123712447

:27 3 0.0001
0.6702819894795277

:28 3 0.0001
0.6488537593775473

:29 3 0.0001
0.6244465060626809

:30 3 0.0001
0.6317673142138512

:31 3 0.0001
0.6243487243850324

:32 3 0.0001
0.6400281145066253

:33 3 0.0001
0.5810877830956404

:34 3 0.0001
0.5805495489057938

:35 3 0.0001
0.5711397606542904

:36 3 0.0001
0.5717685404330141

:37 3 0.0001
0.5628518197601927

:38 3 0.0001
0.5645665141611936

:39 3 0.0001
0.5453906168002071

:40 3 0.0001
0.5378733720053623

:41 3 0.0001
0.5295984068446404

:42 3 0.0001
0.5273185023531173

:43 3 0.0001
0.5152641022815251

:44 3 0.0001
0.5220732127826405

:45 3 0.0001
0.5090175274951253

:46 3 0.0001
0.5008348030390446

:47 3 0.0001
0.49280018933738795

:48 3 0.0001
0.4955095430189038

:49 3 0.0001
0.4850406440576627

:50 3 0.0001
0.4780991364091993

:2 2 0.1
1.9985002690961648

:3 2 0.1
1.7120696247114102

:4 2 0.1
1.557704738987704

:5 2 0.1
1.3727299658598933

:6 2 0.1
1.2897228745575053

:7 2 0.1
1.1688532597761316

:8 2 0.1
1.1284817009434545

:9 2 0.1
1.0671894665262325

:10 2 0.1
0.9914063195754438

:11 2 0.1
0.9348423664686504

:12 2 0.1
0.9498589946216315

:13 2 0.1
0.8728586455693375

:14 2 0.1
0.8529254005601724

:15 2 0.1
0.8310738835627802

:16 2 0.1
0.8018923944638906

:17 2 0.1
0.7877835870183144

:18 2 0.1
0.7507336002221664

:19 2 0.1
0.7495144862586735

:20 2 0.1
0.7303751659556812

:21 2 0.1
0.7059663964852314

:22 2 0.1
0.7018080938818398

:23 2 0.1
0.6638537940651187

:24 2 0.1
0.6669566768539661

:25 2 0.1
0.638390366607735

:26 2 0.1
0.6289704872941047

:27 2 0.1
0.62787305696643

:28 2 0.1
0.5932952199555453

:29 2 0.1
0.5855363548305068

:30 2 0.1
0.571763737943813

:31 2 0.1
0.5582234849688942

:32 2 0.1
0.5433320411026689

:33 2 0.1
0.5330394443462612

:34 2 0.1
0.5177930907382043

:35 2 0.1
0.5152779230769472

:36 2 0.1
0.5116895590365663

:37 2 0.1
0.4937656611402292

:38 2 0.1
0.4903366211854628

:39 2 0.1
0.4853397441497695

:40 2 0.1
0.46804426794343496

:41 2 0.1
0.46392195422912536

:42 2 0.1
0.45823852728607023

:43 2 0.1
0.4539332934623819

:44 2 0.1
0.43931892495105357

:45 2 0.1
0.4341882656720146

:46 2 0.1
0.43770841984094416

:47 2 0.1
0.4352602782221307

:48 2 0.1
0.4375571754097352

:49 2 0.1
0.420035655993566

:50 2 0.1
0.4144990663118319

:2 2 0.01
1.9999573286401764

:3 2 0.01
1.7287955448141055

:4 2 0.01
1.6140026338679798

:5 2 0.01
1.3817519723376064

:6 2 0.01
1.4014782471990115

:7 2 0.01
1.1993085281655644

:8 2 0.01
1.1641405128008127

:9 2 0.01
1.127029757447093

:10 2 0.01
1.0580683442628946

:11 2 0.01
0.9880762252824057

:12 2 0.01
1.0377451977794474

:13 2 0.01
0.8969924387305109

:14 2 0.01
0.8867951847454023

:15 2 0.01
0.8479648204084955

:16 2 0.01
0.8255860922454253

:17 2 0.01
0.8301903636622309

:18 2 0.01
0.8022868513087777

:19 2 0.01
0.7651031902130145

:20 2 0.01
0.7869023226758856

:21 2 0.01
0.7478104042818524

:22 2 0.01
0.7372757925851757

:23 2 0.01
0.7045227604272498

:24 2 0.01
0.7165148853677219

:25 2 0.01
0.6849564642265485

:26 2 0.01
0.6705211862249421

:27 2 0.01
0.6790136464905839

:28 2 0.01
0.6441794593074539

:29 2 0.01
0.6221356216504115

:30 2 0.01
0.6317589741174827

:31 2 0.01
0.6212327815974961

:32 2 0.01
0.6218319702889642

:33 2 0.01
0.5934155699016074

:34 2 0.01
0.5848737923699241

:35 2 0.01
0.570694494871446

:36 2 0.01
0.567000638117848

:37 2 0.01
0.5588887093023353

:38 2 0.01
0.5544713796164825

:39 2 0.01
0.5440536649935049

:40 2 0.01
0.537002171862636

:41 2 0.01
0.5311321678809419

:42 2 0.01
0.5176101060714445

:43 2 0.01
0.517345223019369

:44 2 0.01
0.5203255531855326

:45 2 0.01
0.49921589214656487

:46 2 0.01
0.4974216056772178

:47 2 0.01
0.48564108735722317

:48 2 0.01
0.4824683571464096

:49 2 0.01
0.4835344109702786

:50 2 0.01
0.4816341377767286

:2 2 0.001
1.9999930193649884

:3 2 0.001
1.7320242141674704

:4 2 0.001
1.6313209537015496

:5 2 0.001
1.4055756915397364

:6 2 0.001
1.4123843428109704

:7 2 0.001
1.1949897078880587

:8 2 0.001
1.1536463299572912

:9 2 0.001
1.1256659659597836

:10 2 0.001
1.058984953807747

:11 2 0.001
0.9845733736973168

:12 2 0.001
1.0499766565414135

:13 2 0.001
0.8945790121245891

:14 2 0.001
0.8924033910295077

:15 2 0.001
0.835495277851556

:16 2 0.001
0.8311632864056988

:17 2 0.001
0.8371699783541673

:18 2 0.001
0.8010697142575972

:19 2 0.001
0.7688333374974334

:20 2 0.001
0.7839638987162592

:21 2 0.001
0.7487808877262238

:22 2 0.001
0.737397624601473

:23 2 0.001
0.7057028464982015

:24 2 0.001
0.7028815868110652

:25 2 0.001
0.681710997133928

:26 2 0.001
0.6691809383753716

:27 2 0.001
0.6705559960297558

:28 2 0.001
0.649707209468254

:29 2 0.001
0.620384340145632

:30 2 0.001
0.6306973489191373

:31 2 0.001
0.6073648918934405

:32 2 0.001
0.6387513679642961

:33 2 0.001
0.5806237577129197

:34 2 0.001
0.5775094142140906

:35 2 0.001
0.5718496942572463

:36 2 0.001
0.5570550205125113

:37 2 0.001
0.5517832635252965

:38 2 0.001
0.5514903879050016

:39 2 0.001
0.5501598295565447

:40 2 0.001
0.5382751049624191

:41 2 0.001
0.5400542373278142

:42 2 0.001
0.5297766635917763

:43 2 0.001
0.5306347762841541

:44 2 0.001
0.518097172880888

:45 2 0.001
0.5181356191415366

:46 2 0.001
0.49567144517631695

:47 2 0.001
0.49363255826725544

:48 2 0.001
0.5016954729487811

:49 2 0.001
0.4782230053363706

:50 2 0.001
0.4757699599889353

:2 2 0.0001
1.9999996143432968

:3 2 0.0001
1.7319210675939891

:4 2 0.0001
1.6327633943926017

:5 2 0.0001
1.4124662254850475

:6 2 0.0001
1.4139394449724867

:7 2 0.0001
1.1835970341977242

:8 2 0.0001
1.1774754220809216

:9 2 0.0001
1.1326321969138324

:10 2 0.0001
1.0597580068648045

:11 2 0.0001
0.9852257486501914

:12 2 0.0001
1.0513368982963305

:13 2 0.0001
0.910963925183812

:14 2 0.0001
0.8930328831247746

:15 2 0.0001
0.8406224600923377

:16 2 0.0001
0.8335230680435092

:17 2 0.0001
0.8352042375711384

:18 2 0.0001
0.8019168747649278

:19 2 0.0001
0.7693443372642929

:20 2 0.0001
0.7862077717670709

:21 2 0.0001
0.7496158732125507

:22 2 0.0001
0.7386890470785833

:23 2 0.0001
0.7009166791520879

:24 2 0.0001
0.7174997657497801

:25 2 0.0001
0.6829326105403822

:26 2 0.0001
0.6666388278788563

:27 2 0.0001
0.6842604613574128

:28 2 0.0001
0.6498536323792753

:29 2 0.0001
0.6243050773131877

:30 2 0.0001
0.6334552987629014

:31 2 0.0001
0.6233846239984296

:32 2 0.0001
0.6373685030110504

:33 2 0.0001
0.5912285877244978

:34 2 0.0001
0.5721641734147928

:35 2 0.0001
0.5660086915273443

:36 2 0.0001
0.5600722536119076

:37 2 0.0001
0.5585765982285794

:38 2 0.0001
0.5516612722321399

:39 2 0.0001
0.543055126957782

:40 2 0.0001
0.5360111806662271

:41 2 0.0001
0.5318677601271126

:42 2 0.0001
0.5339410463033792

:43 2 0.0001
0.509322790130056

:44 2 0.0001
0.5245458459019916

:45 2 0.0001
0.5108559064452879

:46 2 0.0001
0.49384959945513934

:47 2 0.0001
0.4966576381710866

:48 2 0.0001
0.4826849744132724

:49 2 0.0001
0.486874636792187

:50 2 0.0001
0.48041950626015023

:2 1 0.1
1.9996000823101598

:3 1 0.1
1.7144866850838556

:4 1 0.1
1.5775809974555726

:5 1 0.1
1.3797215695415241

:6 1 0.1
1.3263408948917428

:7 1 0.1
1.1902004422305559

:8 1 0.1
1.131161779454781

:9 1 0.1
1.0874449810166544

:10 1 0.1
0.9934430176196903

:11 1 0.1
0.9614894697093918

:12 1 0.1
0.9592382573969158

:13 1 0.1
0.8725814134967512

:14 1 0.1
0.8515808961667087

:15 1 0.1
0.8416789099096214

:16 1 0.1
0.8078333898979455

:17 1 0.1
0.7923117815706436

:18 1 0.1
0.759280594043033

:19 1 0.1
0.7324720731148447

:20 1 0.1
0.7333537652505763

:21 1 0.1
0.7108761655964252

:22 1 0.1
0.6897055648055787

:23 1 0.1
0.6627141517822842

:24 1 0.1
0.6635557815589596

:25 1 0.1
0.6570135004052208

:26 1 0.1
0.6180927543083549

:27 1 0.1
0.6215399322434151

:28 1 0.1
0.6026021172401713

:29 1 0.1
0.5835817551415582

:30 1 0.1
0.568860176531506

:31 1 0.1
0.5662870490751053

:32 1 0.1
0.5649152346449197

:33 1 0.1
0.5529280990980889

:34 1 0.1
0.5364456059435749

:35 1 0.1
0.5224591690188753

:36 1 0.1
0.5292187834555572

:37 1 0.1
0.5064068072362214

:38 1 0.1
0.5066699122631719

:39 1 0.1
0.4998934205626872

:40 1 0.1
0.48834822449167686

:41 1 0.1
0.48599919820837206

:42 1 0.1
0.4773731614268841

:43 1 0.1
0.47393035703934827

:44 1 0.1
0.46939766348789447

:45 1 0.1
0.46670215458050474

:46 1 0.1
0.4400289228098928

:47 1 0.1
0.4550271961808783

:48 1 0.1
0.443093663157865

:49 1 0.1
0.4417166108380179

:50 1 0.1
0.4456792435444799

:2 1 0.01
1.9998215262929202

:3 1 0.01
1.7305500171637211

:4 1 0.01
1.6224399923524737

:5 1 0.01
1.3764017326011413

:6 1 0.01
1.3998891417078483

:7 1 0.01
1.2057082400576282

:8 1 0.01
1.17284301373828

:9 1 0.01
1.122513767835523

:10 1 0.01
1.0572925991315423

:11 1 0.01
0.9836341260385387

:12 1 0.01
1.0403569846013883

:13 1 0.01
0.8950615977309907

:14 1 0.01
0.8876130413337332

:15 1 0.01
0.8567144818953779

:16 1 0.01
0.8448550541662229

:17 1 0.01
0.8315279410440478

:18 1 0.01
0.8059874152775528

:19 1 0.01
0.7693974525142232

:20 1 0.01
0.7856608258756256

:21 1 0.01
0.7480279545897122

:22 1 0.01
0.7387288868986864

:23 1 0.01
0.7062446812222255

:24 1 0.01
0.716165835043975

:25 1 0.01
0.6854970280490286

:26 1 0.01
0.6684576764892497

:27 1 0.01
0.679166348575984

:28 1 0.01
0.6466870177191578

:29 1 0.01
0.6258985347922558

:30 1 0.01
0.6303665702530067

:31 1 0.01
0.6153279107273386

:32 1 0.01
0.5907224134319685

:33 1 0.01
0.5878157493819296

:34 1 0.01
0.5752081410446445

:35 1 0.01
0.5627750944176604

:36 1 0.01
0.562552136045737

:37 1 0.01
0.5516839969442986

:38 1 0.01
0.5451077007882491

:39 1 0.01
0.5438622615292806

:40 1 0.01
0.541773089787099

:41 1 0.01
0.5302109469638486

:42 1 0.01
0.5254682995814083

:43 1 0.01
0.5176319974807503

:44 1 0.01
0.5103903425728984

:45 1 0.01
0.5089977010885774

:46 1 0.01
0.4998176638021734

:47 1 0.01
0.4818234026956621

:48 1 0.01
0.48370571079736785

:49 1 0.01
0.47916541709422256

:50 1 0.01
0.4756010342607979

:2 1 0.001
1.999997167055522

:3 1 0.001
1.7315047052183612

:4 1 0.001
1.6312720234275007

:5 1 0.001
1.4129290799588297

:6 1 0.001
1.4121062891733616

:7 1 0.001
1.1971756947288956

:8 1 0.001
1.169233231323267

:9 1 0.001
1.134771085968316

:10 1 0.001
1.060521436725861

:11 1 0.001
0.9837899786779611

:12 1 0.001
1.0501680121941421

:13 1 0.001
0.8955872238421568

:14 1 0.001
0.8880537519606083

:15 1 0.001
0.8402262003980331

:16 1 0.001
0.8407831686886836

:17 1 0.001
0.8393103645725394

:18 1 0.001
0.8030325782637001

:19 1 0.001
0.7712483371911087

:20 1 0.001
0.7831168156922698

:21 1 0.001
0.748863369589952

:22 1 0.001
0.7412169393990675

:23 1 0.001
0.6983869063978124

:24 1 0.001
0.7195669588055257

:25 1 0.001
0.6827766053261765

:26 1 0.001
0.670751840340902

:27 1 0.001
0.6761411437226353

:28 1 0.001
0.649220927468915

:29 1 0.001
0.6227953611772323

:30 1 0.001
0.6296421048511311

:31 1 0.001
0.6181836663264552

:32 1 0.001
0.6379449379993191

:33 1 0.001
0.5745413583041378

:34 1 0.001
0.5839959550527224

:35 1 0.001
0.5730860655839519

:36 1 0.001
0.5724542725814706

:37 1 0.001
0.5577695547789946

:38 1 0.001
0.5559319164639859

:39 1 0.001
0.5403626150991395

:40 1 0.001
0.5412930796658552

:41 1 0.001
0.5399758728206225

:42 1 0.001
0.5278213739489049

:43 1 0.001
0.5168462640537376

:44 1 0.001
0.5262083164718571

:45 1 0.001
0.5186463382330714

:46 1 0.001
0.49411252488222046

:47 1 0.001
0.4937144413907509

:48 1 0.001
0.5065215840279597

:49 1 0.001
0.4858363056078004

:50 1 0.001
0.47024623260849574

:2 1 0.0001
1.9999995941485793

:3 1 0.0001
1.7319446802717444

:4 1 0.0001
1.6327019204735658

:5 1 0.0001
1.4081416249651542

:6 1 0.0001
1.4139482258479958

:7 1 0.0001
1.1887670501478003

:8 1 0.0001
1.1683811252890683

:9 1 0.0001
1.1355045991839228

:10 1 0.0001
1.0570136445639309

:11 1 0.0001
0.9830920046260133

:12 1 0.0001
1.0513389514840015

:13 1 0.0001
0.9184890715878682

:14 1 0.0001
0.8710833017450197

:15 1 0.0001
0.8489172028340906

:16 1 0.0001
0.8292939868890552

:17 1 0.0001
0.838015724738387

:18 1 0.0001
0.8072099088045324

:19 1 0.0001
0.7679026629948296

:20 1 0.0001
0.7892081089079824

:21 1 0.0001
0.7475873599274316

:22 1 0.0001
0.736772897255276

:23 1 0.0001
0.696954212098297

:24 1 0.0001
0.7095713335217347

:25 1 0.0001
0.6820821950027937

:26 1 0.0001
0.662291031788423

:27 1 0.0001
0.6794865022771724

:28 1 0.0001
0.6487426413261984

:29 1 0.0001
0.6258171031778234

:30 1 0.0001
0.6304164142979467

:31 1 0.0001
0.6135228938659226

:32 1 0.0001
0.6403543232115515

:33 1 0.0001
0.5834501602077516

:34 1 0.0001
0.5849000485480869

:35 1 0.0001
0.574398592137311

:36 1 0.0001
0.5702644739542784

:37 1 0.0001
0.5531220366146593

:38 1 0.0001
0.5495480356829257

:39 1 0.0001
0.545456206523735

:40 1 0.0001
0.5222260438436711

:41 1 0.0001
0.5400575719364598

:42 1 0.0001
0.5391558455575977

:43 1 0.0001
0.511078286122509

:44 1 0.0001
0.5318051562751864

:45 1 0.0001
0.5081183891273301

:46 1 0.0001
0.49797882568815904

:47 1 0.0001
0.4946365806801878

:48 1 0.0001
0.4980656538885861

:49 1 0.0001
0.47604037686549217

:50 1 0.0001
0.48402425654837206

