2
1.9999996324314926

3
1.7313988717734556

4
1.613554074886739

5
1.3907509738498014

6
1.3441230558289952

7
1.1805261366787776

8
1.1219099034022553

9
1.070470595833837

10
1.011021780599381

11
0.9520965464203516

12
0.9207297070656235

13
0.8644328863113806

14
0.8280953843538773

15
0.7984866784761352

16
0.7592513244265797

17
0.7311164417381107

18
0.7042663527266707

19
0.6884475767930351

20
0.6586698758971664

21
0.649154189745728

22
0.6320398945271387

23
0.6087588870273793

24
0.5996733062587786

25
0.5777243742331358

26
0.5745649066741093

27
0.5626570787866388

28
0.5466115786005588

29
0.5430507525780773

30
0.5430114561834559

31
0.5225089538688483

32
0.5040490983520053

33
0.5023714784597065

34
0.49033986831728815

35
0.486662697024363

36
0.47889565110992244

37
0.46608575062803587

38
0.4550528349475118

39
0.46481604758186407

40
0.44660394790742575

41
0.44859941336041675

42
0.4355387640771173

43
0.4260027193031873

44
0.4212607350225334

45
0.4200943983181052

46
0.4171346560487512

47
0.40382039345127524

48
0.4138321420091491

49
0.3967851441332926

50
0.39484320828604663

51
0.3841572038963342

52
0.3825234889514278

53
0.37438242655265225

54
0.37416307130870474

55
0.3667290563534829

56
0.37075015353301305

57
0.3630922338418197

58
0.368040266566017

59
0.3595857117239603

60
0.3573941355524575

61
0.35396187681678376

62
0.3445035532685339

63
0.3438334092235274

64
0.34451861792735744

65
0.34945033894649297

66
0.3323755505675488

67
0.3370255061711578

68
0.3306826354094858

69
0.324346966515816

70
0.32949023232096025

71
0.32077376212367065

72
0.3289042491479956

73
0.32205540660017135

74
0.312341085622414

75
0.3131413550158975

76
0.3113357554173156

77
0.3098165076998142

78
0.3088370643653275

79
0.3099455145864121

80
0.3045731022478563

81
0.3034811269055716

82
0.3000771290749576

83
0.2945334029407119

84
0.29067037846970906

85
0.29049151834686204

86
0.2975140333700374

87
0.2886126894089908

88
0.2874771471067246

89
0.2837076503376121

90
0.282013832369379

91
0.2838234717860841

92
0.2855851130407439

93
0.28387855642101256

94
0.2766466988762824

95
0.27814581816562334

96
0.2716453752229276

97
0.2723714880160633

98
0.27079710894836095

99
0.27264777882331787

100
0.2678102241663878

