2
1.9999999532434727

3
1.7319755493106754

4
1.6326847577085128

5
1.4137373302233003

6
1.4130892285580938

7
1.2053975015655136

8
1.1778788825460864

9
1.1358572232197106

10
1.0735703012521969

11
0.9894439875283765

12
1.0505974414204962

13
0.903450583250564

14
0.8932572372261266

15
0.8553987777222266

16
0.8431994137861297

17
0.8499026473672413

18
0.8083958887908045

19
0.7730901967952973

20
0.7922984289800675

21
0.7552708439485684

22
0.7418133118129898

23
0.7082163386001126

24
0.7213920380771258

25
0.683291641863424

26
0.6718311106067488

27
0.6849710938644539

28
0.6499300061324604

29
0.6258828118382059

30
0.6355010632708715

31
0.6246387267276413

32
0.6393475793538498

33
0.5855210654912834

34
0.5770557005652688

35
0.5775527037530745

36
0.5760153315459621

37
0.5622090161465362

38
0.5577852573323616

39
0.5521680160008092

40
0.5491557130224852

41
0.544850882939696

42
0.5404238022334936

43
0.5338942010582498

44
0.5375898465323549

45
0.5222972869917892

46
0.5058974701936064

47
0.4992744850298969

48
0.5107894886239545

49
0.49125829312282837

50
0.4950766530886685

51
0.4858318192471949

52
0.4817352452656621

53
0.4708576112148784

54
0.4735526443430474

55
0.46672498805344703

56
0.4631499945025474

57
0.4606906721116833

58
0.45364030875751676

59
0.45455801080419894

60
0.4504891633355766

61
0.4445463710789383

62
0.4471738185991973

63
0.437656967904303

64
0.4307193693310966

65
0.4268937242869126

66
0.4286987545614116

67
0.42802096938739614

68
0.4246181361039399

69
0.41916195415356766

70
0.4206816169521888

71
0.41307715010320917

72
0.4215434704214425

73
0.4015704823750335

74
0.39953376652024697

75
0.4007821403854129

76
0.3984064979187422

77
0.402819712545766

78
0.4021803617760606

79
0.3932103845473596

80
0.3941101891181153

81
0.3836188237405105

82
0.3821395550231825

83
0.3785112158554977

84
0.37983879941389903

85
0.37467769071663953

86
0.37312825635906965

87
0.3707130798289116

88
0.370910913370055

89
0.36909992281748266

90
0.3683829047875688

91
0.3669221537388172

92
0.3608187728110655

93
0.3612603716265737

94
0.36342624699328363

95
0.3605861545770717

96
0.360369844464445

97
0.3565580422718581

98
0.34784653744267446

99
0.3527604833972211

100
0.3483833116212424

20
0.7879570321601227

100
0.33838961431613496

30
0.6331327895571521

