2
1.9999990084740569

3
1.7319727841266763

4
1.6311180990166998

5
1.4112409542629896

6
1.412588907841461

7
1.1949631139037904

8
1.1695680109306976

9
1.1313454536954863

10
1.0603896691737225

11
0.9829473018714694

12
1.0501851317368465

13
0.8913914278534513

14
0.8894071675602069

15
0.841646474066068

16
0.8377487372939184

17
0.8350334294392016

18
0.8032001756954105

19
0.7695850064046831

20
0.7721950725292075

21
0.7477615567721587

22
0.7286838965163719

23
0.7017567073137397

24
0.7193552774120978

25
0.6794377596432333

26
0.6690398028841247

27
0.6704289329880377

28
0.6485672555251908

29
0.6242058533225755

30
0.6323507023631584

31
0.6246372458154523

32
0.6360254153758818

33
0.5803902391092352

34
0.5697102249564315

35
0.570284969861633

36
0.568081962872446

37
0.5522605691046868

38
0.5572956670948942

39
0.5424710215189575

40
0.5298424403470118

41
0.5253366757208132

42
0.5227050236839275

43
0.5060073216860271

44
0.5285491299340734

45
0.49384703218814135

46
0.5042724674365098

47
0.49391898438448817

48
0.49288615050569357

49
0.47371891782380576

50
0.46548337544592777

51
0.4717353372750952

52
0.471989990490661

53
0.4672703410286168

54
0.4560478397793935

55
0.4503079380766475

56
0.44249452587331967

57
0.44927098573085517

58
0.4374381327103389

59
0.43949942376239814

60
0.4433500222551414

61
0.4266650040920998

62
0.4308861952253773

63
0.4270761046787695

64
0.42240149829409934

65
0.4179944054204639

66
0.40501140663585833

67
0.41645917184456477

68
0.41785009933524625

69
0.4042933825211627

70
0.40635768758372687

