2
1.999999995802303

3
1.732044045958225

4
1.6326494960927251

5
1.4137400502841555

6
1.4134297178957909

7
1.2079295569604613

8
1.1782239594293549

9
1.135799883531323

10
1.073955511890601

11
0.9895082853024265

12
1.050608194698906

13
0.9072378111879377

14
0.893266651472944

15
0.8512921631439486

16
0.8474521143825359

17
0.8497533793274638

18
0.8083129964060788

19
0.7734752342187532

20
0.7922121753631023

21
0.7555182407029591

22
0.7416331905460498

23
0.7084832652777742

24
0.7215322330150502

25
0.6828693607115581

26
0.6722425275129837

27
0.6849935753647625

28
0.6501555870003584

29
0.6262242770057139

30
0.635269540271172

31
0.6249056180798335

32
0.6394776327177801

33
0.5844452829887964

34
0.5787275856288742

35
0.5779608858306825

36
0.5759409902948459

37
0.5604445573558553

38
0.5580463789579567

39
0.5521086764361257

40
0.5494913157501601

41
0.5444210464807467

42
0.5403823085223092

43
0.5343542694133856

44
0.5376614023800674

45
0.5229397385093343

46
0.507265943352305

47
0.49960963222275906

48
0.5111872637161043

49
0.49221562195838864

50
0.49514662606013826

51
0.48604720525263195

52
0.48197878898464735

53
0.47248334530261027

54
0.4724042191055482

55
0.4670628376706474

56
0.4637995757183677

57
0.46180201011853367

58
0.4525665959930636

59
0.45513123793639204

60
0.4499882236615018

61
0.4437519750911986

62
0.44777099870038706

63
0.43918560187589434

64
0.4341476422432912

65
0.4288050991920865

66
0.42996031452693023

67
0.4282212678705329

68
0.4202030958954377

69
0.4214712105225092

70
0.42102768712328414

71
0.413322224684516

72
0.42205526433752255

73
0.40089869065837297

74
0.4020648987809427

75
0.399642688204626

76
0.3971825696875659

77
0.40206372638525917

78
0.40214848446688295

79
0.3932850497424117

80
0.3940655601758513

81
0.38449193314774505

82
0.38484575286403966

83
0.38021715770959114

84
0.3781933628359207

85
0.37564762362822507

86
0.3729457457171385

87
0.3724143884672908

88
0.3708562659372126

89
0.3671818668129156

90
0.3660747233279345

91
0.3667882953413833

92
0.36472366779907056

93
0.3627704652741668

94
0.3558999384814121

95
0.36044099541979197

96
0.3549340135230065

97
0.3563897472595053

98
0.35620157028085203

99
0.35289226892321635

100
0.35160052595460217

