2
2.0000000000000004

3
1.732050807568877

4
1.6329931618554503

5
1.41419925004673

6
1.414213560177519

7
1.1855213744373034

8
1.166938146374321

9
1.1322549411152627

10
1.0728474771947851

11
0.9707899609947137

12
1.0514618420171575

13
0.882958551923368

14
0.8873909879832556

15
0.8261430944336767

16
0.8415834828645719

17
0.8375823303235156

18
0.7996139059155073

19
0.7630492957053256

20
0.7714422972970184

21
0.7479532049129931

22
0.7345833057796672

23
0.7064961907288245

24
0.7131050114793164

25
0.6677849057535468

26
0.6595808249026334

27
0.6686608924171817

28
0.6435632555039246

29
0.615134268038784

30
0.6291436628830847

