2
1.9999999786810416

3
1.7318716554593758

4
1.6312637049551508

5
1.4117342424759167

6
1.4063145267008255

7
1.2034464002821894

8
1.1685473740088168

9
1.1305596858851739

10
1.071286140861144

11
0.9842745718346069

12
1.0376099647101098

13
0.9053266168829704

14
0.9040202906157865

15
0.8555446079072689

16
0.8451833313691725

17
0.8364097355060514

18
0.8057870303144384

19
0.7676446096620962

20
0.7781246916923111

21
0.750620975176233

22
0.7327321856058172

23
0.7071501638657267

24
0.7068520452942327

25
0.6873913267294808

26
0.6696357332444611

27
0.6788857099894464

28
0.6465654013931377

29
0.6234424830587618

30
0.6286408925228272

31
0.6200622235310093

32
0.6269084656485117

33
0.5927421437325873

34
0.5803184727997319

35
0.5780972306059916

36
0.5737996794814062

37
0.5619578805661716

38
0.5650253236578261

39
0.5499229685764594

40
0.5460064255967646

41
0.5429628582374256

42
0.5357632431955249

43
0.5318818042188362

44
0.5336349711663843

45
0.5211316613629645

46
0.5075450038982162

47
0.5005025404201059

48
0.5059144949906782

49
0.4908178456340535

50
0.4898670570406351

51
0.48407450692891824

52
0.4813012926834747

53
0.47098430327273055

54
0.4731915108095883

55
0.46629226645380134

56
0.4608950204923043

57
0.46031846304894186

58
0.4519302428514986

59
0.45166163392640835

60
0.4504977735536287

61
0.4432738506606189

62
0.4427396243001802

63
0.43801669357326284

64
0.43273614158711915

65
0.42938331776025307

66
0.42895029907288945

67
0.42587203205303287

68
0.4209946541983982

69
0.4178533450305226

70
0.41762688929416947

71
0.41198989613692855

72
0.41491364903894096

73
0.4022621703767793

74
0.40124994069504805

75
0.39900307664103996

76
0.3968075068797415

77
0.3990874560665161

78
0.39788732514606284

79
0.39145167019956445

80
0.3892907792265016

81
0.38457518439031974

82
0.38090035277632794

83
0.380289248248844

84
0.3782277288856862

85
0.37554753806051205

86
0.37238399681808804

87
0.3718411868046894

88
0.37034927496079817

89
0.3671596440500169

90
0.36542844855397405

91
0.3634774355752152

92
0.3620483228979156

93
0.35935757913337957

94
0.3606873670154396

95
0.35757812552307816

96
0.3560836803033065

97
0.3536228742852199

98
0.3520832055706859

99
0.3494790640346917

100
0.3497369112059565

