2
2.0000000000000004

3
1.7320508075688776

4
1.632993161855452

5
1.414213525372779

6
1.4142135623473284

7
1.2136764988339506

8
1.1669953835686353

9
1.1348035587472727

10
1.075606586159351

11
0.9830306124970672

12
1.05144964302237

13
0.9195110097634609

14
0.8976702570423492

15
0.8525724481495731

16
0.842791749787097

17
0.841115658702451

18
0.802395318236122

19
0.7650446183226466

20
0.7863318445373629

21
0.7532653171705758

22
0.7349164624065613

23
0.706696395036463

24
0.7046483427093393

25
0.6809750472346907

26
0.665910330103006

27
0.6699049895401341

28
0.6464769681697949

29
0.6233944847779234

30
0.6281377857729641

