2
1.9999999971883522

3
1.7320387454048258

4
1.632903474552829

5
1.4140269336295994

6
1.4140485856556906

7
1.1907817365624969

8
1.167178569099271

9
1.1351223566992228

10
1.076437309924416

11
0.9794011430317116

12
1.0512586008021763

13
0.896989847102029

14
0.8882325100908105

15
0.8488080775303138

16
0.8482957601414953

17
0.8453747100213571

18
0.8056165896207387

19
0.7673922632780986

20
0.7769436913502518

21
0.7550954421230287

22
0.7356194343665607

23
0.7082973569882592

24
0.7156493293438461

25
0.6808868745640011

26
0.6647926965804548

27
0.6816292110337807

28
0.6468584715363674

29
0.6227455521062836

30
0.6325136400295608

31
0.6235415755070577

32
0.6407288002807011

33
0.5927700228050737

34
0.5747252878840878

35
0.5732050532589682

36
0.5709801034197505

37
0.5572766294032939

38
0.5707120881885369

39
0.5518384351348068

40
0.5499514526109428

41
0.5439115052860394

42
0.5362433313546577

43
0.531291077519163

44
0.5389651578780983

45
0.5218232608286864

46
0.5049064869907601

47
0.49432770452903046

48
0.511018560010025

49
0.48847448497095913

50
0.49308716978989015

51
0.4856276314648

52
0.47942676236959053

53
0.47050163590872723

54
0.468591083690147

55
0.46474234546086624

56
0.45989930639450616

57
0.46043616265449083

58
0.45107501684394047

59
0.4485548858134704

60
0.44897646865253843

61
0.4414507546800769

62
0.441108880189065

63
0.43863210225106164

64
0.4277633504321016

65
0.4254891367954309

66
0.42845235003897

67
0.4227606651120995

68
0.4198613810864492

69
0.4175675644655829

70
0.41991739451254523

71
0.41330867347207145

72
0.4247724855089185

73
0.39735504745508116

74
0.3976547132830877

75
0.39816576900756095

76
0.3957523776824881

77
0.40240946956926393

78
0.40144670189778475

79
0.3921159552206789

80
0.3944317460226909

81
0.3820952788573372

82
0.3825478275991578

83
0.37601458736168986

84
0.37731317162456446

85
0.37404764022838694

86
0.37259867393834795

87
0.36587028313158804

88
0.3717402907309658

89
0.36757659076216037

90
0.36002624836266445

91
0.36510904544233624

92
0.3613132606793698

93
0.36148886591797025

94
0.3550298125278647

95
0.35781199222306415

96
0.35562214721571317

97
0.34689670552024804

98
0.35495886989080644

99
0.350876753775121

100
0.343403455117203

